0.000000000000000000e+00 1.886903303913073371e+00 2.040587606415902755e+00 1.112692341811992058e+00 2.601639779905691618e+00 3.714159499240544254e-02 -1.269331365171488812e+00
2.000000000000000111e-01 1.025680953635818504e+01 1.792386606588301512e-01 3.999999997235194371e+01 4.185950446828445592e+01 2.575462961729860223e-01 -1.906103517670859615e+00
4.000000000000000222e-01 1.022227220178077012e+01 1.538138750570545443e-01 3.999999999989483257e+01 4.123054846796541995e+01 5.476258409436518537e-01 -2.067048393393918548e+00
5.999999999999999778e-01 1.017654433286990745e+01 1.394375228914884746e-01 3.999999999913067228e+01 4.092742952233914622e+01 8.629057295903138636e-01 -2.128907242299030944e+00
8.000000000000000444e-01 1.015116368504579825e+01 1.289982458174644131e-01 3.999999999782637872e+01 4.072052418147242747e+01 1.184649149160377224e+00 -2.151405673918346029e+00
1.000000000000000000e+00 1.000539539961782864e+01 1.205459370703791389e-01 3.999999999757912406e+01 4.056865677641765444e+01 1.505195780547969875e+00 -2.155010963505032517e+00
1.199999999999999956e+00 7.680825352671838857e+00 2.067146772950326228e-01 2.043300816033683986e+01 2.097055212761414822e+01 1.910822674050466130e+00 -2.168075178481401633e+00
1.399999999999999911e+00 5.509008484906518177e+00 3.171835348355224737e-01 1.152056582373004190e+01 1.208639183950035978e+01 2.386263132726413438e+00 -2.182088623007778949e+00
1.600000000000000089e+00 4.151223898109263288e+00 4.189303484768220898e-01 7.615196301328831296e+00 8.189670350178216651e+00 2.897352819633107757e+00 -2.190594541979313803e+00
1.800000000000000044e+00 3.217942928872113750e+00 5.200235103498775935e-01 5.360711569465889781e+00 5.923466158166855067e+00 3.447183163566304387e+00 -2.195731986147379633e+00
2.000000000000000000e+00 2.562574062847290168e+00 6.170870602594615839e-01 3.950789390395025080e+00 4.480400384647229117e+00 4.019589455293145264e+00 -2.196579527346777638e+00
2.200000000000000178e+00 2.064976180719121146e+00 7.117900213103792728e-01 2.987629818677892235e+00 3.470813748132999255e+00 4.606320978748169814e+00 -2.193608842249286539e+00
2.399999999999999911e+00 1.635731673142219345e+00 8.200292710427453668e-01 2.222189406917709942e+00 2.649870343594460387e+00 5.224595717061445654e+00 -2.189463415941670377e+00
2.600000000000000089e+00 1.270180405633483334e+00 9.357079728848786138e-01 1.640393356909906286e+00 2.012740818662689612e+00 5.848950456267501430e+00 -2.182402635689028703e+00
2.799999999999999822e+00 9.235866683723092940e-01 1.088628751888364610e+00 1.131485717810485125e+00 1.454721565293040308e+00 6.510954032884495035e+00 -2.175479365217796168e+00
3.000000000000000000e+00 6.224989886372411796e-01 1.291669039184226930e+00 7.121684382654720480e-01 9.931711203464319571e-01 7.194383517697493069e+00 -2.167580601153766828e+00
3.200000000000000178e+00 3.628049866612971797e-01 1.581263616152016827e+00 3.828517571409660869e-01 6.755589054527120219e-01 7.893555195035279581e+00 -2.158616152545494771e+00
3.399999999999999911e+00 2.118506040882338071e-01 1.911263461582484835e+00 1.884950483133786825e-01 4.910801640509442900e-01 8.524838445527755937e+00 -2.144287005121723766e+00
3.600000000000000089e+00 4.070493916048101291e-01 1.336087101502082319e+00 4.579268519258078429e-01 6.829859609693280653e-01 8.239783664837945665e+00 -2.081851468508776559e+00
3.799999999999999822e+00 1.605565517817039156e+00 6.687938403149424893e-01 1.840059806909223772e+00 2.168457272246293144e+00 5.669612593370799480e+00 -1.889015348274383665e+00
4.000000000000000000e+00 1.873047690996215708e+00 5.961853224978951316e-01 2.118645235958389605e+00 2.609310230863915780e+00 4.544338348601473676e+00 -1.766456095344774102e+00
4.200000000000000178e+00 1.934988052668187519e+00 5.794771148417859896e-01 2.119432889558990674e+00 2.730473941269238036e+00 3.816783742210609010e+00 -1.664128249433021622e+00
4.400000000000000355e+00 1.916047070236345018e+00 5.831233897495319285e-01 2.011395996288757537e+00 2.721599329687354629e+00 3.285600025180578587e+00 -1.571854120095836249e+00
4.599999999999999645e+00 1.864892833600457323e+00 5.968160246018159310e-01 1.861029636428175316e+00 2.654138414835109927e+00 2.878290005984347033e+00 -1.486539202163406515e+00
4.799999999999999822e+00 1.808196246350348035e+00 6.163078677973823361e-01 1.698414272012152670e+00 2.558413186443261100e+00 2.553971477281331559e+00 -1.406293860562474407e+00
5.000000000000000000e+00 1.750270727886289235e+00 6.394263669644453252e-01 1.538059386130856243e+00 2.453577177711725898e+00 2.291113082913637022e+00 -1.330455949602599608e+00
5.200000000000000178e+00 1.694290531907236552e+00 6.655784421985413424e-01 1.384394532866576100e+00 2.346595915107959840e+00 2.069466283537977347e+00 -1.257276619110607285e+00
5.400000000000000355e+00 1.637868458387509163e+00 6.938696204818805002e-01 1.241408755025364963e+00 2.245466872786287205e+00 1.879230189176165577e+00 -1.186324915430262195e+00
5.599999999999999645e+00 1.591166630331422693e+00 7.241708010338565593e-01 1.109404235333901978e+00 2.145492858308808870e+00 1.714152181198355107e+00 -1.117204407991249093e+00
5.799999999999999822e+00 1.547622562808637081e+00 7.563533785858042036e-01 9.883815637140661581e-01 2.051269892881629531e+00 1.570559885073848916e+00 -1.049909462192122778e+00
6.000000000000000000e+00 1.502474021948577487e+00 7.902684631227843148e-01 8.781430643540946157e-01 1.966642700799164034e+00 1.443196709550237156e+00 -9.838555353315791008e-01
6.200000000000000178e+00 1.460890756812534663e+00 8.258072339154978181e-01 7.782243600372920067e-01 1.888296175529348586e+00 1.329541173443596680e+00 -9.189484885155999594e-01
6.400000000000000355e+00 1.420655507473714385e+00 8.630822921008669546e-01 6.877199185221923861e-01 1.817042729805387058e+00 1.227575046461918173e+00 -8.550346355703281054e-01
6.599999999999999645e+00 1.386410207124839866e+00 9.021381971173716430e-01 6.059461483587478270e-01 1.749115432265330172e+00 1.135728162449338496e+00 -7.920156443393550072e-01
6.799999999999999822e+00 1.350094287001144311e+00 9.430211609842004128e-01 5.322448242489888903e-01 1.689744491013375649e+00 1.052935275966069728e+00 -7.299332062162549040e-01
7.000000000000000000e+00 1.317017434444523794e+00 9.858457289700298665e-01 4.659296618733425044e-01 1.634618773002377567e+00 9.776294281501944905e-01 -6.685320459351015154e-01
7.200000000000000178e+00 1.285748008011387888e+00 1.030684267715513025e+00 4.064246074225804639e-01 1.584299630369863765e+00 9.090170029659968565e-01 -6.078090086397289760e-01
7.400000000000000355e+00 1.257052546059540976e+00 1.077760432959311565e+00 3.530818923396088493e-01 1.537512231859958556e+00 8.466123714685976909e-01 -5.478006303705433844e-01
7.599999999999999645e+00 1.231365524719068461e+00 1.127142257233675338e+00 3.054433346593512510e-01 1.493524498008654833e+00 7.895861020026470056e-01 -4.884401559432181572e-01
7.799999999999999822e+00 1.206029144376968398e+00 1.179018965073820313e+00 2.630071187702688329e-01 1.454013468630971140e+00 7.373565065387679418e-01 -4.296702049811773616e-01
8.000000000000000000e+00 1.180799177741272077e+00 1.233534860003090872e+00 2.253454239495285838e-01 1.418821307398246523e+00 6.897802014310588925e-01 -3.716922587139916967e-01
8.199999999999999289e+00 1.157266410360427544e+00 1.290919131312393997e+00 1.920283191342220530e-01 1.386243422472717146e+00 6.463920229194891620e-01 -3.144853692047116511e-01
8.400000000000000355e+00 1.135789869220674486e+00 1.351391559932275221e+00 1.626744539138944845e-01 1.355582261087436624e+00 6.069155203906332341e-01 -2.581407969481660514e-01
8.599999999999999645e+00 1.115420374519662028e+00 1.415177304559413818e+00 1.369339296706778841e-01 1.327337400660937305e+00 5.710270062548883363e-01 -2.027104221560811770e-01
8.800000000000000711e+00 1.096148428326730873e+00 1.482517961979437748e+00 1.144799664650310439e-01 1.301225440484664597e+00 5.384508200696702662e-01 -1.482546798354546502e-01
9.000000000000000000e+00 1.077168520572342025e+00 1.553670809323197677e+00 9.500519928165913897e-02 1.277687204454063252e+00 5.090930511438906958e-01 -9.499072463406044164e-02
9.199999999999999289e+00 1.059591009774003334e+00 1.628967786040061760e+00 7.821357999038874853e-02 1.255439212970232532e+00 4.826634907527193041e-01 -4.293915117096731848e-02
9.400000000000000355e+00 1.043016842787933163e+00 1.708815604768921803e+00 6.382624404003307828e-02 1.234522344557247298e+00 4.591606011620710248e-01 7.662463895437491949e-03
9.599999999999999645e+00 1.027129053730353236e+00 1.793345210182862637e+00 5.161342449249059494e-02 1.215072351787495952e+00 4.383883572076213153e-01 5.660213283706492376e-02
9.800000000000000711e+00 1.012144272687947932e+00 1.882949463908393906e+00 4.132709376735187873e-02 1.196748469166735607e+00 4.196979480718679434e-01 1.042681288558158226e-01
1.000000000000000000e+01 9.978914851853004642e-01 1.978163704711173310e+00 3.273280248100596257e-02 1.179298851318568042e+00 4.036111953043025058e-01 1.499425741588031324e-01
1.019999999999999929e+01 9.843474095164042037e-01 2.079229598196621787e+00 2.563165043653961583e-02 1.162692899749233622e+00 3.895090603548319041e-01 1.939567758964750033e-01
1.040000000000000036e+01 9.714559831811846458e-01 2.186656264528227034e+00 1.982401398642972407e-02 1.146673479559757514e+00 3.776085076546060182e-01 2.358754197506410522e-01
1.059999999999999964e+01 9.590271775294065826e-01 2.300796455850190991e+00 1.513204138033033726e-02 1.131360729634949935e+00 3.674021963847260985e-01 2.760131359855789723e-01
1.080000000000000071e+01 9.470738983316229209e-01 2.422098449635815776e+00 1.138927832285869385e-02 1.116561641279316897e+00 3.587719335341156279e-01 3.143307323565622258e-01
1.100000000000000000e+01 9.354417078321574097e-01 2.551075437134234125e+00 8.443672529427187143e-03 1.102254832164221376e+00 3.516229020415843065e-01 3.507848535888920538e-01
1.119999999999999929e+01 9.240892102723051726e-01 2.688186274076259430e+00 6.159937906337328850e-03 1.088353366988043414e+00 3.457545488178014881e-01 3.854697406046906916e-01
1.140000000000000036e+01 9.129679429074056829e-01 2.833968575276240465e+00 4.417100317600234499e-03 1.074774198662085789e+00 3.409970528398669765e-01 4.184817561296758637e-01
1.159999999999999964e+01 9.020206399276085030e-01 2.988968637921626925e+00 3.109604089693253446e-03 1.061436907184214018e+00 3.372383562942667390e-01 4.498648727516295076e-01
1.180000000000000071e+01 8.912981598786835491e-01 3.153610208605453380e+00 2.147080819502737801e-03 1.048265422565215266e+00 3.340863022993185716e-01 4.800224674288029458e-01
1.200000000000000000e+01 8.806316734243099242e-01 3.328585952671747616e+00 1.451886825543336921e-03 1.035228623587780783e+00 3.316774530451939151e-01 5.087324882937789283e-01
1.219999999999999929e+01 8.700648725849230436e-01 3.514489745937159348e+00 9.602401707468322632e-04 1.022230013357769307e+00 3.297307336678117484e-01 5.363064015163931941e-01
1.240000000000000036e+01 8.595207670005290401e-01 3.711944310492214072e+00 6.202789964318967779e-04 1.009217874253511393e+00 3.282351942168448278e-01 5.627148259846367351e-01
1.259999999999999964e+01 8.489921520582736081e-01 3.921544085419260472e+00 3.908073718758960308e-04 9.961871205166800136e-01 3.269031716463045023e-01 5.883021829825115789e-01
1.280000000000000071e+01 8.384219534887147329e-01 4.143952907625005899e+00 2.398101841213749893e-04 9.830316159691806499e-01 3.258410742464959431e-01 6.129062385064522056e-01
1.300000000000000000e+01 8.070426124710424753e-01 4.951249684775963722e+00 6.368066168802941486e-05 9.428312413446298113e-01 3.439934788510490837e-01 7.053295675377648788e-01
1.319999999999999929e+01 7.967750433081780548e-01 5.208225025686396670e+00 3.661972774471311374e-05 9.295485639533458411e-01 3.417909650676931310e-01 7.253953819778236056e-01
1.340000000000000036e+01 8.071592175969880545e-01 4.895138553847579566e+00 4.653593309599105877e-05 9.411783465059089249e-01 3.232435767822506856e-01 6.820264310284372966e-01
1.359999999999999964e+01 7.960470683517314461e-01 5.176771994713178948e+00 2.524305136153708225e-05 9.270596235476334934e-01 3.225316299505591733e-01 7.035755700163408566e-01
1.380000000000000071e+01 7.846994354310646846e-01 5.474409069707652620e+00 1.323934076112006054e-05 9.127379677449480866e-01 3.216546432660430388e-01 7.246493000152243180e-01
1.400000000000000000e+01 7.729477781780149659e-01 5.789745464403226904e+00 6.690054976045175502e-06 8.981292413829415899e-01 3.208472275824784115e-01 7.450063825900191672e-01
1.419999999999999929e+01 7.605920863879636062e-01 6.122806725497667024e+00 3.256529566543767166e-06 8.834979182056189595e-01 3.200161471262753521e-01 7.647428609418280843e-01
1.440000000000000036e+01 7.473604093674907078e-01 6.475648580199048432e+00 1.520615260902024422e-06 8.690545401718600127e-01 3.192166538438772072e-01 7.838182790398114941e-01
1.459999999999999964e+01 7.340311601238210804e-01 6.842947182635974457e+00 6.884666133421734304e-07 8.540029214966101678e-01 3.181651798716077506e-01 8.025715032122913151e-01
1.480000000000000071e+01 7.204676905646838492e-01 7.226370277109371187e+00 3.012298612979764799e-07 8.384388855097358872e-01 3.167958754272793276e-01 8.211327268149410941e-01
1.500000000000000000e+01 7.064864719196528586e-01 7.603376110056925263e+00 1.335754306153686435e-07 8.231079948113919631e-01 3.147502004760962535e-01 8.399815473980878355e-01
1.519999999999999929e+01 6.926378756642144197e-01 7.963636306317693148e+00 6.128386338170905888e-08 8.071078092127835779e-01 3.121729978110191484e-01 8.589491321228485132e-01
1.540000000000000036e+01 6.782615031335911260e-01 8.296306156746091176e+00 2.979409907633500668e-08 7.916017907741369486e-01 3.086931044513518407e-01 8.786576262141356786e-01
1.559999999999999964e+01 6.632535881637557917e-01 8.624158892921311548e+00 1.465120758116154055e-08 7.741460374709029368e-01 3.067573527144202283e-01 8.957732613732851679e-01
1.580000000000000071e+01 6.196156984968002046e-01 8.851452031328225445e+00 1.721764945771745348e-08 7.397106276235773104e-01 2.902349761548069784e-01 1.007974473564855256e+00
1.600000000000000000e+01 6.311210430185595355e-01 8.664990515916279890e+00 1.186020160128980427e-08 7.505425447139767448e-01 2.976191334972009828e-01 9.305846737799332580e-01
