0.000000000000000000e+00 1.358230036377895189e+00 5.314650070085766842e+00 2.058598097545233634e-03 6.889941459601239826e-01 -9.041424524878282076e-01 7.489119966005094442e-01
2.000000000000000111e-01 1.119613172491513486e+00 4.186681626317493965e+00 6.812040206304105852e-03 9.148530064753627178e-01 -9.999999999999998890e-01 6.066806632753179995e-01
4.000000000000000222e-01 1.067832507549157040e+00 2.932222214500303625e+00 2.550913003392575248e-02 1.000806719946858214e+00 -9.999999999999998890e-01 5.932095920152804513e-01
5.999999999999999778e-01 1.340589956065087796e+00 2.113234375400182774e+00 6.446609328088752366e-02 8.310349987478822253e-01 -9.999999999999998890e-01 5.816915017627568574e-01
8.000000000000000444e-01 1.320197311054482903e+00 1.495285998206527855e+00 1.429510524412863082e-01 9.476049785727914676e-01 -9.999999999999370504e-01 5.730741288877757578e-01
1.000000000000000000e+00 1.184195969034198104e+00 1.356300499315435726e+00 1.655938978425979258e-01 1.070648999262521661e+00 -9.999999999999840128e-01 5.539481588254664413e-01
1.199999999999999956e+00 1.534793168545055986e+00 1.031832225800075165e+00 2.665763338776592217e-01 9.209179441914453479e-01 -9.999999999999998890e-01 5.487476182049207951e-01
1.399999999999999911e+00 1.669405300211793675e+00 9.210755242033115131e-01 2.902706254182088053e-01 8.390926862764497285e-01 -9.999999785272385422e-01 5.439331944623406745e-01
1.600000000000000089e+00 1.421924320397646158e+00 9.115078627575842196e-01 2.504827767285324192e-01 9.197107992143334076e-01 -9.999999999845202714e-01 5.405029473582770860e-01
1.800000000000000044e+00 1.826420842071172501e+00 9.013658328188436375e-01 2.230602781272127411e-01 6.115716085138119817e-01 -9.999998419697840868e-01 5.349104271681305312e-01
2.000000000000000000e+00 1.971497029232595954e+00 9.420389618092999129e-01 1.717914409653427121e-01 4.422854126746899039e-01 -9.999999999831752362e-01 5.314065532803737835e-01
2.200000000000000178e+00 2.079160972545022190e+00 9.971111517603075125e-01 1.251178215361784529e-01 2.972956894899975167e-01 -9.999999998947063373e-01 5.288391085437497141e-01
2.399999999999999911e+00 2.164058660769138331e+00 1.087279643744593516e+00 8.229099082771031137e-02 1.650669105447795382e-01 -9.999998226234869669e-01 5.263352857878709212e-01
2.600000000000000089e+00 2.260222306946957804e+00 1.207790707537365282e+00 4.951379695980026585e-02 3.907085840366259638e-02 -9.999998572424713128e-01 5.237808778465985471e-01
2.799999999999999822e+00 2.432940173422977637e+00 1.269675926012554523e+00 3.707890567165903623e-02 -6.931460693157254216e-02 -9.999997813338913355e-01 5.187925307043873557e-01
3.000000000000000000e+00 2.739462813294950116e+00 1.416661558439009871e+00 2.069577381580045214e-02 -2.459585262832118258e-01 -9.999999966944970176e-01 5.158985593486292709e-01
3.200000000000000178e+00 2.693463588767671002e+00 1.556655428120731877e+00 1.152950090522256339e-02 -2.746502454702048346e-01 -9.999999966776256244e-01 5.128522360155840509e-01
3.399999999999999911e+00 2.269030636583951654e+00 1.962508931150102054e+00 2.619506510359786294e-03 -1.864025819117998695e-01 -9.999999958553442703e-01 5.110050157038084073e-01
3.600000000000000089e+00 2.983357613172323397e+00 4.278221546510918571e+00 8.227217104510130229e-07 -6.227788647014196322e-01 -9.944446272239420015e-01 5.154780540084201723e-01
3.799999999999999822e+00 3.795031012102490386e+00 4.132019434191478879e+00 1.195719120783565986e-06 -8.427424242370876728e-01 -9.827035627476519153e-01 5.157063947827289496e-01
4.000000000000000000e+00 4.140513714157055603e+00 4.197829170777779062e+00 8.121015133635497258e-07 -9.259578297793100710e-01 -9.635404560651201766e-01 5.178789018711711378e-01
4.200000000000000178e+00 3.030300754296423982e+00 4.113234860778455015e+00 9.474197102797202988e-07 -6.255759020988610475e-01 -9.152535181785024232e-01 5.287680022950527192e-01
4.400000000000000355e+00 3.079951235908367391e+00 4.342912633289111035e+00 4.015593116474446607e-07 -6.397712621665232469e-01 -8.965609782725084687e-01 5.311095880640104294e-01
4.599999999999999645e+00 3.377878363491827240e+00 4.392886253997182244e+00 2.691513388531902227e-07 -6.564916108259524208e-01 -9.796409230087561593e-01 5.048193337770958689e-01
4.799999999999999822e+00 8.185623615791845609e+00 8.104675121614307587e-03 1.136598596751020729e+01 1.008635554028992232e+01 -8.385744366428833363e-01 5.879543434550980052e-01
5.000000000000000000e+00 1.122304971042201771e+01 1.771760673156690460e-02 1.659827593193558926e+01 1.489507070878133099e+01 -4.791176329430205105e-01 6.949646908778743803e-01
5.200000000000000178e+00 5.167319700284389583e+00 1.080587098206611946e-01 3.338967064565277809e+00 2.366100724045477666e+00 -3.601288242132673623e-01 7.553213633540647454e-01
5.400000000000000355e+00 3.565112331180475991e+00 2.981087269555637853e-01 1.300588015460658164e+00 6.480330286401705386e-01 -2.600064514989762210e-01 8.282843011249634291e-01
5.599999999999999645e+00 1.350349407199262997e+00 2.080055203214838055e+00 2.967536009353181556e-02 7.813309525148458279e-02 -1.472076410404926927e-01 9.659101952371277333e-01
5.799999999999999822e+00 1.345074345579881481e+00 2.144760592988343095e+00 2.595258011697190031e-02 5.873017855177341956e-02 -1.360204909128759632e-01 9.797280015546422360e-01
6.000000000000000000e+00 1.440742078523158609e+00 2.180337005478988566e+00 2.354463271827810650e-02 -2.740396900528995969e-02 -1.281176780988524944e-01 9.878523011982455193e-01
6.200000000000000178e+00 1.558424075689718746e+00 1.906814668790925760e+00 1.340478645138671850e-03 2.678258554028846161e-01 -9.999999999999998890e-01 4.437964962162010973e-01
6.400000000000000355e+00 1.503255890265386530e+00 1.510452193103368757e+00 4.832836994456688948e-03 3.623789167905104303e-01 -9.999999999999998890e-01 4.425730833030950273e-01
6.599999999999999645e+00 1.583842222090116492e+00 1.138566100472649056e+00 1.356439183820876485e-02 3.740748785464619863e-01 -9.999999995636318362e-01 4.499705409147439772e-01
6.799999999999999822e+00 1.747861042665487474e+00 2.625471117854712988e-01 6.070842761729603465e-01 7.416146012015101263e-01 -5.232258121428353670e-01 6.060018844807101290e-01
7.000000000000000000e+00 1.687238385358964754e+00 5.504124851385278072e-01 4.129436862244374451e-01 4.507055590658902711e-01 -2.667757297582357690e-01 7.448047907486796682e-01
7.200000000000000178e+00 1.481950165459281710e+00 1.853552907690137141e+00 2.604637628807224964e-02 -4.232262804078963658e-02 -1.536987339681787357e-01 8.740007837521210909e-01
7.400000000000000355e+00 1.442557753156895828e+00 1.939756774168303499e+00 2.171464017360630674e-02 -4.357003842485734912e-02 -1.395843108271394850e-01 8.940470842443454247e-01
7.599999999999999645e+00 1.598179537151073637e+00 2.002092222146770073e+00 1.876253360518156249e-02 -1.677285249646282839e-01 -1.291737302139245591e-01 9.082751580715355821e-01
7.799999999999999822e+00 1.611198807369015995e+00 2.064345982292270065e+00 1.626477341483416675e-02 -1.980558173823109835e-01 -1.179107955575120908e-01 9.272511498538077435e-01
8.000000000000000000e+00 1.458976013446305009e+00 2.099922630174841487e+00 1.466517490698553659e-02 -1.156383933376802231e-01 -1.096447080975292837e-01 9.411130174770202528e-01
8.199999999999999289e+00 1.634285076230392875e+00 2.150657435540302753e+00 1.289996019729809477e-02 -2.478877661312359482e-01 -1.007882795409096033e-01 9.578991906776179732e-01
8.400000000000000355e+00 1.487788844105907282e+00 2.201770583123475067e+00 1.135334273574137992e-02 -1.731408110188733807e-01 -9.158428680613073247e-02 9.787193823397454251e-01
8.599999999999999645e+00 1.423572410661014365e+00 2.264685881968785619e+00 9.784344499052726601e-03 -1.485816277462424784e-01 -8.288080678418535685e-02 9.997008616220226518e-01
8.800000000000000711e+00 1.493351502916069773e+00 2.307619625611106340e+00 8.674416630314624177e-03 -2.126156727370936417e-01 -7.603773475445584074e-02 1.017194704378412640e+00
9.000000000000000000e+00 1.507080830988003939e+00 2.351249467298052842e+00 7.690070538250090570e-03 -2.381607676214502478e-01 -6.910013651104177090e-02 1.037771579441287173e+00
9.199999999999999289e+00 1.550902015522190203e+00 2.356543553344855546e+00 7.121970506341591955e-03 -2.744832704057441619e-01 -6.761726850152534329e-02 1.035126478395592908e+00
9.400000000000000355e+00 1.593232711456943784e+00 2.400972887752365725e+00 6.244921345865359422e-03 -3.156350403952737360e-01 -6.267768434792435339e-02 1.048304529606112867e+00
9.599999999999999645e+00 1.461370048735406435e+00 2.439091378425339851e+00 5.515667860105015995e-03 -2.425360622489034224e-01 -5.830686355240051466e-02 1.060837457771804715e+00
9.800000000000000711e+00 1.469344079214450982e+00 2.468714352373438281e+00 4.932056504041354428e-03 -2.599349016442481508e-01 -5.458556096531708146e-02 1.071662309695527560e+00
1.000000000000000000e+01 1.436104380950887993e+00 2.465534855394828195e+00 4.621749957037174852e-03 -2.438294394946678711e-01 -5.337164965850337700e-02 1.070104150592879666e+00
1.019999999999999929e+01 1.385983673155929852e+00 2.470245523301974888e+00 4.263993406436904741e-03 -2.153082784078255707e-01 -5.230753572235619792e-02 1.067133978916335435e+00
1.040000000000000036e+01 1.450657790164723071e+00 2.454453120340139627e+00 4.062616255663293284e-03 -2.652838132108321090e-01 -5.232668760045215695e-02 1.059069511674923136e+00
1.059999999999999964e+01 1.407715494201939643e+00 2.448097585023023992e+00 3.819535099682273491e-03 -2.407119937384548380e-01 -5.179470419637957623e-02 1.053750052036892981e+00
1.080000000000000071e+01 9.084886820079168812e-01 2.451447277316582074e+00 3.530634337437831092e-03 1.904431184415316392e-01 -5.076568778226616535e-02 1.051225455923002761e+00
1.100000000000000000e+01 8.907664085188899961e-01 2.483384702095188690e+00 3.129714257538317949e-03 1.979246670700555988e-01 -4.712591837458927208e-02 1.064691893647878418e+00
1.119999999999999929e+01 1.061393357572921747e+00 -3.539629465312145395e+00 9.333330056045784362e-01 7.439963944475346258e-01 -7.175195309646377195e-01 5.084149227435652563e-01
1.140000000000000036e+01 1.081489664610254087e+00 -3.266642328116442062e+00 9.388302082144622807e-01 7.820028299958347029e-01 -7.886974423763366548e-01 4.863753297548593646e-01
1.159999999999999964e+01 1.102311971117231115e+00 -2.938460006115266587e+00 8.916825536051815604e-01 8.902739422309497996e-01 -9.999999999980289100e-01 4.344700670409197829e-01
1.180000000000000071e+01 1.106371181960146055e+00 -3.058918972644030898e+00 9.319792405306889238e-01 8.779881865896543847e-01 -9.999999999999998890e-01 4.281665316324473891e-01
1.200000000000000000e+01 1.091609995330536931e+00 -3.033169448580928851e+00 9.669685563817344010e-01 8.929614333570623508e-01 -9.999999999999998890e-01 4.247288416584052984e-01
1.219999999999999929e+01 1.097848382202122997e+00 -2.971919531158421002e+00 1.002035753822375641e+00 8.918046810605464447e-01 -9.999999999999998890e-01 4.221848383327596599e-01
1.240000000000000036e+01 1.170277833791920630e+00 -2.885414257057159482e+00 1.036791196874036425e+00 8.349117268156948102e-01 -9.999999999999682476e-01 4.203910401814988651e-01
1.259999999999999964e+01 1.105084493129960155e+00 -2.945589562711076415e+00 1.079759993193505796e+00 8.865921554896352141e-01 -9.999999999999998890e-01 4.149453492783723441e-01
1.280000000000000071e+01 1.108018943667093081e+00 -2.887818457112835357e+00 1.118432743671120555e+00 8.886529366902322646e-01 -9.999999999999998890e-01 4.125533489076602112e-01
1.300000000000000000e+01 1.180273950339771227e+00 -2.823000615582571982e+00 1.157613857164483173e+00 8.311567896564263647e-01 -9.999999999999998890e-01 4.104843979678468591e-01
1.319999999999999929e+01 1.182367883757529770e+00 -2.757492196981750521e+00 1.197526954574334113e+00 8.354970808861580389e-01 -9.999999999999998890e-01 4.085855933580909150e-01
1.340000000000000036e+01 1.173501109437334433e+00 -2.692711966341999830e+00 1.238053788218824058e+00 8.494063120709686165e-01 -9.999999999999998890e-01 4.068049885469849913e-01
1.359999999999999964e+01 1.153308754428437055e+00 -2.630785473605760760e+00 1.279552006961572896e+00 8.732513058475743772e-01 -9.999999999999998890e-01 4.050947887471748055e-01
1.380000000000000071e+01 1.164907709050337026e+00 -2.570893273449280425e+00 1.321756829203380113e+00 8.698602456315588372e-01 -9.999999999999998890e-01 4.034603310837399648e-01
1.400000000000000000e+01 1.154123430410572526e+00 -2.513421047627424798e+00 1.364788691293295386e+00 8.858706469431896213e-01 -9.999999999999998890e-01 4.018900280005524572e-01
1.419999999999999929e+01 1.146627401326865359e+00 -2.459072760908012079e+00 1.408853380992765469e+00 8.991121597854405678e-01 -9.999999999999998890e-01 4.003613860949637449e-01
1.440000000000000036e+01 1.144239069990208524e+00 -2.407096720888375341e+00 1.453822206027853614e+00 9.079877475888412652e-01 -9.999999999999998890e-01 3.988862239132702769e-01
1.459999999999999964e+01 1.152738783906218201e+00 -2.357975683962889590e+00 1.499844172289146016e+00 9.073698782332380031e-01 -9.999999999999998890e-01 3.974441585177664327e-01
1.480000000000000071e+01 1.175327795294423217e+00 -2.311425512675685745e+00 1.546950456572414812e+00 8.947531816648320868e-01 -9.999999999999998890e-01 3.960379066081085031e-01
1.500000000000000000e+01 1.109131129323160492e+00 -2.267615753809115731e+00 1.595280341630840315e+00 9.594823244707970655e-01 -9.999999999999998890e-01 3.946556078013908064e-01
1.519999999999999929e+01 1.100185038924029302e+00 -2.226067456225372165e+00 1.644796985322895644e+00 9.743481249826707602e-01 -9.999999999999998890e-01 3.933092565193690437e-01
1.540000000000000036e+01 1.127099750002640510e+00 -2.186919000345413089e+00 1.695634583373499815e+00 9.569164308767891258e-01 -9.999999999999998890e-01 3.919867632799406976e-01
1.559999999999999964e+01 1.119211183677099042e+00 -2.149920305796654052e+00 1.747812976920314787e+00 9.706625216988226112e-01 -9.999999999999998890e-01 3.906919881619007051e-01
1.580000000000000071e+01 1.116285394183871738e+00 -2.115319576512832977e+00 1.801518879404129692e+00 9.799216070050064120e-01 -9.999999999999792388e-01 3.894048031391698639e-01
