0.000000000000000000e+00 4.347787288489647906e-01 4.228992361901672825e-01 2.466448466011792906e+00 4.119453352195129869e-01 -3.295292722942599535e-07 3.182257107813126762e+00
2.000000000000000111e-01 3.623520811556220633e-01 5.488685910148876079e-01 1.799673333944269205e+00 3.863881965215224534e-01 7.822444810071082783e-09 4.547550762560057969e+00
4.000000000000000222e-01 3.805243696331177539e-01 6.225736533153292118e-01 1.502183644831033282e+00 3.619839700885390532e-01 1.402245760920703146e-08 4.879813783168795993e+00
5.999999999999999778e-01 5.827756997259765370e-01 5.801004760825659856e-01 1.726966800851998496e+00 5.004376326201797065e-01 1.403548351879893993e-08 4.976538301343400583e+00
8.000000000000000444e-01 1.608668841270239014e+00 4.009490667182971646e-01 3.175076010440871066e+00 1.370555217466620013e+00 8.491881009625709866e-09 4.982964198917752441e+00
1.000000000000000000e+00 2.147888922416960167e+00 3.122067553750174085e-01 4.599513590115577699e+00 2.830329945949628723e+00 4.170383303995274132e-09 4.981742445867211266e+00
1.199999999999999956e+00 4.922707788376889937e+00 1.644113657862664168e-01 9.999999245375002843e+00 7.753824968441050736e+00 -1.724808575275900077e-02 -9.999913220514773382e-01
1.399999999999999911e+00 4.292392602132876434e+00 1.686491753069816746e-01 9.999565345670040628e+00 8.023975746380640928e+00 -2.829469875082298220e-04 5.482126563696563259e-01
1.600000000000000089e+00 2.799927386845204147e+00 2.121227343027163037e-01 7.493737345806690264e+00 6.008957515859996157e+00 -2.449059875148356601e-08 4.690279248858675309e+00
1.800000000000000044e+00 3.190922258145627133e+00 1.887080968859605468e-01 8.665828902037574721e+00 7.211193916777862256e+00 -3.195833773993492090e-08 4.532996461420929712e+00
2.000000000000000000e+00 2.621277326928729501e+00 2.277055317360205111e-01 6.670438185279834897e+00 5.430637942403540919e+00 -1.389038554704204708e-08 5.108700946161368606e+00
2.200000000000000178e+00 3.024293823103841206e+00 2.049754218485131396e-01 7.608586231992394033e+00 6.364509163179687512e+00 -1.071110562786739853e-08 5.190209924804153552e+00
2.399999999999999911e+00 4.258228302860185721e+00 1.654882595774090082e-01 9.981810062045784804e+00 8.571893423081734298e+00 -5.285026601089166962e-09 4.943929357249957413e+00
2.600000000000000089e+00 4.004263545916020739e+00 1.693717256887256606e-01 9.999999993893972317e+00 8.770459079983936590e+00 1.810911818690929750e-02 -9.999999999999835687e-01
2.799999999999999822e+00 4.089405260210021709e+00 1.711040749710535380e-01 9.999999807133429286e+00 8.840193924570279194e+00 3.301177222578109000e-02 -9.999999999999992228e-01
3.000000000000000000e+00 4.054371847442948429e+00 1.717090911596761693e-01 9.999999447930715490e+00 8.928861026515347632e+00 4.543869919193949114e-02 -9.999999999990594191e-01
3.200000000000000178e+00 4.242294497366422057e+00 1.715139948750013521e-01 9.999999835868329967e+00 8.954982515108145691e+00 5.604677049606016093e-02 -9.999999999999998890e-01
3.399999999999999911e+00 4.346944156205770682e+00 1.708896187466433791e-01 9.999999913877941182e+00 8.995932664215013475e+00 6.587649441647265569e-02 -9.999999999999998890e-01
3.600000000000000089e+00 4.025013227488195788e+00 1.699200900114903878e-01 9.999999999976365572e+00 9.132952160178636092e+00 7.493509270498979746e-02 -9.999999962252471564e-01
3.799999999999999822e+00 4.365184302508906100e+00 1.686723249089918941e-01 9.999999984964405897e+00 9.107431869234599020e+00 8.318268545838877759e-02 -9.999999999999998890e-01
4.000000000000000000e+00 4.266940614669456622e+00 1.672444396972108949e-01 9.999999972965627038e+00 9.182222930522542015e+00 9.083291785735861379e-02 -9.999999999999998890e-01
4.200000000000000178e+00 4.679695347372609504e+00 1.656928699119093462e-01 9.999999993123292796e+00 9.138940854555375637e+00 9.796358642632163605e-02 -9.999999999999990008e-01
4.400000000000000355e+00 4.642740898571296349e+00 1.640449575376438651e-01 9.999999909822170352e+00 9.193361776771855176e+00 1.045227263190335182e-01 -9.999999999999998890e-01
4.599999999999999645e+00 4.688140757095018429e+00 1.622893879189697408e-01 9.999999868160125871e+00 9.227793863888690495e+00 1.101624369786190077e-01 -9.999999914666994894e-01
4.799999999999999822e+00 3.972489624678479547e+00 1.604458642296938964e-01 9.999999994220109656e+00 9.435626478073144696e+00 1.147281710650484565e-01 -9.999999999999928946e-01
5.000000000000000000e+00 4.640320148146139800e+00 1.585416349881723364e-01 9.999999517752092615e+00 9.320772469323880927e+00 1.181701197770406719e-01 -9.999999999999998890e-01
5.200000000000000178e+00 4.257913287850336737e+00 1.566169892435905209e-01 9.999999663969495245e+00 9.445982036021826289e+00 1.206484340342397210e-01 -9.999999999904876091e-01
5.400000000000000355e+00 1.590393068905733953e+00 4.430143337967367700e-01 2.220785983177512968e+00 2.340851516361456941e+00 1.193826624877569537e-08 6.300924450353509343e+00
5.599999999999999645e+00 1.893827951257599507e+00 3.624731096838333388e-01 2.996357621122135217e+00 3.068415586370180304e+00 1.021851273298127149e-08 6.292743154753792645e+00
5.799999999999999822e+00 1.688813339995177465e+00 3.823999072905351349e-01 2.784418957561460406e+00 3.021532011346375057e+00 1.229444619836203257e-08 6.442274762228180407e+00
6.000000000000000000e+00 1.516011358392412856e+00 4.080408660871606696e-01 2.456502057336763745e+00 2.786784209885640351e+00 1.141162388638589993e-08 6.446364254647626524e+00
6.200000000000000178e+00 1.759723050106734465e+00 3.913526930257743008e-01 2.568842914451239690e+00 2.789497500813254760e+00 4.696560454168398338e-09 6.783092139664524289e+00
6.400000000000000355e+00 1.921898342144695793e+00 3.497604611979894251e-01 3.007367534744010307e+00 3.218489599373205223e+00 3.657848669038901544e-09 6.823827897536304476e+00
6.599999999999999645e+00 2.196210315537704183e+00 2.994961987963050687e-01 3.728469852473227597e+00 3.898784938285318358e+00 1.751788682345337781e-09 7.069778028928794811e+00
6.799999999999999822e+00 2.568920754406733398e+00 2.457419704807886074e-01 4.859972530225407539e+00 4.975446344860851688e+00 3.793436980943733123e-09 6.613857799348867417e+00
7.000000000000000000e+00 2.770557651303458435e+00 2.200952082795638309e-01 5.559126263668309420e+00 5.660447892631017552e+00 2.524467929821431301e-09 6.691999850541389350e+00
7.200000000000000178e+00 3.106057808984233670e+00 2.039283041451419587e-01 6.067328111630863496e+00 6.103682531060484528e+00 2.091373494157555779e-09 6.679368796182186152e+00
7.400000000000000355e+00 2.922668796408547376e+00 2.023181502852398894e-01 6.059150879011810709e+00 6.186703464115068662e+00 2.077177694184015924e-09 6.631852642658110142e+00
7.599999999999999645e+00 2.966566590712896634e+00 1.975574571389066281e-01 6.172620314158881349e+00 6.317938406917305016e+00 1.104196570222929512e-09 6.828778498407129582e+00
7.799999999999999822e+00 2.973176160903160170e+00 1.962705156921612792e-01 6.153168051035165398e+00 6.324673051620361086e+00 1.051302028985062856e-09 6.782307785852877302e+00
8.000000000000000000e+00 2.517431203234724357e+00 2.255668319649399844e-01 5.107845720912271403e+00 5.445429181211741465e+00 7.321877937905244495e-06 3.056463983027810194e+00
8.199999999999999289e+00 1.880127240438628222e+00 3.249624487914921089e-01 3.287346686522440109e+00 3.873779587884035536e+00 7.144963379589328034e-02 -2.890176867465640842e-01
8.400000000000000355e+00 1.660509720181869042e+00 3.735728215900636640e-01 2.789474764004209906e+00 3.398449946966310087e+00 4.346209800199276607e-01 -8.392727922906857430e-01
8.599999999999999645e+00 1.565805535993397335e+00 3.963788532424287192e-01 2.546120761713376535e+00 3.167713285884339758e+00 6.284349320380105963e-01 -9.331549395407621184e-01
8.800000000000000711e+00 1.515079068825079478e+00 4.094761658153928674e-01 2.394599055736054805e+00 3.050070242916758545e+00 6.758931096837201835e-01 -9.349175791851134232e-01
9.000000000000000000e+00 1.567301236071330095e+00 3.897071677990870953e-01 2.502634947266404453e+00 3.154732767378977343e+00 6.867602610766105897e-01 -9.585772643717500596e-01
9.199999999999999289e+00 1.483083287035279252e+00 4.159990553676269354e-01 2.254117616752553843e+00 2.962717811754772335e+00 7.004913804637219465e-01 -9.243891192334270368e-01
9.400000000000000355e+00 1.547554647112143522e+00 3.979057356232248432e-01 2.196637717789891919e+00 3.055959135362932955e+00 6.855765602393468217e-03 7.887025523361090862e-01
9.599999999999999645e+00 1.328683217860962218e+00 4.927734723871492473e-01 1.703921376002575538e+00 2.621017301494251051e+00 3.112552120723269256e-01 -5.152317180752482573e-01
9.800000000000000711e+00 1.214211805940691891e+00 5.344119830836636664e-01 1.507833110421819223e+00 2.405325417421844580e+00 7.114307092557297096e-01 -7.777539387588648934e-01
1.000000000000000000e+01 1.196375085055763510e+00 5.413692976173642979e-01 1.448216604689542164e+00 2.367250540451869334e+00 7.365698659050043950e-01 -7.766588421894975447e-01
1.019999999999999929e+01 1.180385504036454147e+00 5.490094496317442507e-01 1.387831549232785067e+00 2.335290011692177981e+00 7.265359300792630926e-01 -7.571030671268891288e-01
1.040000000000000036e+01 1.160530180994268967e+00 5.597735994541096494e-01 1.318895642914481581e+00 2.297348794861411303e+00 7.104286777509358775e-01 -7.320152205800010137e-01
1.059999999999999964e+01 1.087924291896628537e+00 6.054286184344297439e-01 1.158693512911632029e+00 2.166431766114271351e+00 8.311863488870879779e-01 -7.336567765636129446e-01
1.080000000000000071e+01 1.076739418059820430e+00 6.138592210238638103e-01 1.106941716861941760e+00 2.145568673613208688e+00 7.874171597230774644e-01 -6.999752166990965696e-01
1.100000000000000000e+01 1.060673983867392867e+00 6.260573034951395499e-01 1.047595897094073525e+00 2.116979916938440454e+00 7.513268157321945084e-01 -6.667537286565401455e-01
1.119999999999999929e+01 1.041238046186196087e+00 6.415737723656931291e-01 9.834745351323135321e-01 2.083045566146561001e+00 7.214762619122436771e-01 -6.338255768911046362e-01
1.140000000000000036e+01 1.019921907985496423e+00 6.595998759238216325e-01 9.178589469266412726e-01 2.046724110437074362e+00 6.962546342906320573e-01 -6.012410857624606031e-01
1.159999999999999964e+01 9.973581311115713444e-01 6.798110149726264151e-01 8.523997784185252113e-01 2.009654732398196586e+00 6.747520616170646912e-01 -5.690005713911318042e-01
1.180000000000000071e+01 9.742450124803410105e-01 7.018857439287242705e-01 7.883984555016968487e-01 1.973068173918947066e+00 6.557275744180168786e-01 -5.368886109187702704e-01
1.200000000000000000e+01 9.522312548464904047e-01 7.254838841035313735e-01 7.268756031272015639e-01 1.936763279005866645e+00 6.382610567715992778e-01 -5.048133248717973087e-01
1.219999999999999929e+01 9.300918219790315078e-01 7.507075790651031033e-01 6.679158822202473367e-01 1.902136015826502824e+00 6.222320575407945809e-01 -4.727423344286725282e-01
1.240000000000000036e+01 9.097019974191749014e-01 7.774113609463602081e-01 6.119254001400301624e-01 1.867785858006749899e+00 6.072284036551937048e-01 -4.406606347115773481e-01
1.259999999999999964e+01 8.910113835562436524e-01 8.055677609370028858e-01 5.590367831370600671e-01 1.833850923372255748e+00 5.933198273810231793e-01 -4.087428394105255269e-01
1.280000000000000071e+01 8.728104231501236931e-01 8.351138270461087032e-01 5.093560981502495144e-01 1.801927091883326115e+00 5.799994772522441000e-01 -3.767989071114468680e-01
1.300000000000000000e+01 8.552058887518450003e-01 8.660463129774234048e-01 4.628572796382588450e-01 1.771893426743899047e+00 5.672649866358930870e-01 -3.449409432810475185e-01
1.319999999999999929e+01 8.380997091746931194e-01 8.984829322072050983e-01 4.193905207550714942e-01 1.743759415011788994e+00 5.548858480558995776e-01 -3.130058597480319116e-01
1.340000000000000036e+01 8.219043347186462123e-01 9.324897286267113117e-01 3.788680569587927205e-01 1.716916771963666433e+00 5.429875528689571684e-01 -2.811146054488762314e-01
1.359999999999999964e+01 8.065464512784558115e-01 9.680438689336284819e-01 3.412510161128105013e-01 1.691566147751191629e+00 5.310654693878859023e-01 -2.490077024208124379e-01
1.380000000000000071e+01 7.919989691312757651e-01 1.006124661901260930e+00 3.056367610401312107e-01 1.667006011386378272e+00 5.171398785691238009e-01 -2.160082593484340674e-01
1.400000000000000000e+01 7.782471128227764767e-01 1.045386204750033965e+00 2.734028632364460254e-01 1.643687008867656285e+00 5.070376071483095881e-01 -1.844381251587038362e-01
1.419999999999999929e+01 7.648701028413765757e-01 1.086333923947083946e+00 2.437880762179842342e-01 1.622128635838889332e+00 4.970906027316349673e-01 -1.529594439537854123e-01
1.440000000000000036e+01 7.525209301294877307e-01 1.125886697446414342e+00 2.178697141742588494e-01 1.603592468643058044e+00 4.866777008838015228e-01 -1.231691797482094841e-01
1.459999999999999964e+01 7.402238567279640913e-01 1.171546920417757764e+00 1.925553578024543355e-01 1.583773318257460039e+00 4.774966946602601792e-01 -9.149480569467027813e-02
1.480000000000000071e+01 7.289191656858023949e-01 1.218976170161532480e+00 1.696154045194433191e-01 1.564678948126285274e+00 4.686700729807931065e-01 -6.028397629647223172e-02
1.500000000000000000e+01 7.179811684928194548e-01 1.268369087104912474e+00 1.488542854183494135e-01 1.546941453159629498e+00 4.601647346432645169e-01 -2.945865142622331942e-02
1.519999999999999929e+01 7.066333786940793837e-01 1.323607125826107733e+00 1.293087429277435529e-01 1.529413098580325592e+00 4.539247295820447170e-01 9.480820998677710019e-04
1.540000000000000036e+01 6.973201411294293051e-01 1.377198859431875366e+00 1.125931068848142480e-01 1.512884427662438469e+00 4.460605392989432372e-01 3.094132041835923400e-02
1.559999999999999964e+01 6.883707741267186542e-01 1.433271994468573896e+00 9.757769584274815500e-02 1.497130724885644915e+00 4.387475084578382201e-01 6.038370477230946970e-02
1.580000000000000071e+01 6.797489471446824805e-01 1.492050960344768695e+00 8.413415662631842928e-02 1.482083615726773385e+00 4.319476087730748093e-01 8.933331329084479022e-02
1.600000000000000000e+01 6.711779182954363820e-01 1.545164203742899200e+00 7.361553184308193554e-02 1.469366043018956569e+00 4.328863226678680842e-01 1.122963344936645375e-01
