0.000000000000000000e+00 4.408132180461664440e+00 9.579788417541443279e-02 1.999999645633242906e+01 1.771227178479492537e+01 -4.126649071962419749e-05 1.258181011577094388e+00
2.000000000000000111e-01 4.568775481543785766e+00 1.233256324560538242e-01 1.999999999962550490e+01 1.839296123217506462e+01 2.827944326972948175e-01 -1.999999999999999778e+00
4.000000000000000222e-01 4.730344485995621184e+00 1.437573169658609151e-01 1.999999999649568849e+01 1.904537220342935200e+01 5.106657489542141271e-01 -1.999999999999999778e+00
5.999999999999999778e-01 4.855292638658051274e+00 1.517138958421043460e-01 1.999999999999914024e+01 1.945352566521424009e+01 7.022148030271457841e-01 -1.999999999999999778e+00
8.000000000000000444e-01 4.936570286863997126e+00 1.546034119332004297e-01 1.999999999956954966e+01 1.971315274327525913e+01 9.019490329168090570e-01 -1.999999999999999778e+00
1.000000000000000000e+00 4.994567785805465121e+00 1.549486126809359876e-01 1.999999999999819522e+01 1.988361122433947514e+01 1.116703767675708558e+00 -1.999999999999999778e+00
1.199999999999999956e+00 5.385651447511089707e+00 1.538632495860353944e-01 1.999999999702984255e+01 1.992984844179336079e+01 1.348975850004381360e+00 -1.999999999999519718e+00
1.399999999999999911e+00 5.647860454890318849e+00 1.519888024429215112e-01 1.999999999945265472e+01 1.996345868973876136e+01 1.601177794057195847e+00 -1.999999999999996225e+00
1.600000000000000089e+00 5.728090067870424740e+00 1.495570625096482309e-01 1.999999989486886065e+01 1.999999986600489166e+01 1.873918811429420739e+00 -1.999999998727017614e+00
1.800000000000000044e+00 5.888004123210427210e+00 1.467457790254972916e-01 1.999999999999979750e+01 1.999965156774759123e+01 2.168263794370266062e+00 -1.999999999999998890e+00
2.000000000000000000e+00 5.929615938137251518e+00 1.435476596432925522e-01 1.999999999977458387e+01 1.999944027932028234e+01 2.482963604401377644e+00 -1.999999999999947153e+00
2.200000000000000178e+00 5.929724582557753365e+00 1.400331506871116405e-01 1.999999999999999645e+01 1.998932960977680651e+01 2.818012647041334695e+00 -1.999999999999999778e+00
2.399999999999999911e+00 5.926235276724855616e+00 1.361814489211325696e-01 1.999999999999987566e+01 1.996479032725251201e+01 3.171159488679617944e+00 -1.999999999999999778e+00
2.600000000000000089e+00 5.920388240710057204e+00 1.319477050526076112e-01 1.999999998275468371e+01 1.992739007094654013e+01 3.537852224682570768e+00 -1.999999999475253532e+00
2.799999999999999822e+00 4.749079931474414984e+00 2.106481393931123047e-01 1.128620061190865798e+01 1.124168777111616002e+01 4.102597263721309062e+00 -1.999999999999999334e+00
3.000000000000000000e+00 3.582892725448010740e+00 3.131947228935606509e-01 6.630513911597685883e+00 6.620714278693631272e+00 4.727490401711414769e+00 -1.999999999999997113e+00
3.200000000000000178e+00 2.612517996186453750e+00 4.238369965446662224e-01 4.196337386027563454e+00 4.228484267169255517e+00 5.380106990422198088e+00 -1.999999999999990230e+00
3.399999999999999911e+00 1.861980400441315853e+00 5.530239985916446388e-01 2.665218032411087457e+00 2.719900403245041787e+00 6.073109043496867088e+00 -1.999999999999999778e+00
3.600000000000000089e+00 2.009035384035667171e+00 5.079740651422247621e-01 2.870932799790939516e+00 3.157541022258411711e+00 5.144749323232936433e+00 -1.897586009480252800e+00
3.799999999999999822e+00 2.054917456371311957e+00 4.885988930312935019e-01 2.904898827599050382e+00 3.395055745987986207e+00 4.236626179717655205e+00 -1.787507693615765225e+00
4.000000000000000000e+00 1.995009817378948558e+00 4.961047363258992426e-01 2.722095246132707036e+00 3.359528441648456987e+00 3.618649593718036073e+00 -1.691328363447793359e+00
4.200000000000000178e+00 1.920757105424960587e+00 5.141596035024663669e-01 2.478928587830332653e+00 3.224478742260759923e+00 3.160223432759329487e+00 -1.603356055993079510e+00
4.400000000000000355e+00 1.834848412177476407e+00 5.371877154661883758e-01 2.231330764603542072e+00 3.067647115422009740e+00 2.800682057546522774e+00 -1.520952470383569288e+00
4.599999999999999645e+00 1.745318260571068869e+00 5.626993087099178004e-01 1.999756391506570807e+00 2.915734377834765301e+00 2.510690360808424781e+00 -1.443244874651404164e+00
4.799999999999999822e+00 1.680150178339765876e+00 5.901257927874640208e-01 1.787287892211251172e+00 2.760835932537070381e+00 2.268506659383946023e+00 -1.368777493402466350e+00
5.000000000000000000e+00 1.620727521465469945e+00 6.192014580241010924e-01 1.594060898652555514e+00 2.615640292075935847e+00 2.063349753828272792e+00 -1.297068397470078738e+00
5.200000000000000178e+00 1.564292131858006307e+00 6.497790466084599759e-01 1.419232632722380760e+00 2.482715330216485050e+00 1.886260166907213431e+00 -1.227469369733556359e+00
5.400000000000000355e+00 1.538817187329811098e+00 6.987345346702737992e-01 1.207395417003945370e+00 2.353657558338589695e+00 1.188899795630655509e+00 -9.942498633043435063e-01
5.599999999999999645e+00 1.487061152165402689e+00 7.364941731581337026e-01 1.063871702350762893e+00 2.195380608563492597e+00 1.375445037922587987e+00 -1.020213527707817924e+00
5.799999999999999822e+00 1.582660801785965798e+00 5.775065479531273915e-01 1.392290050453700800e+00 2.720045701455986009e+00 8.139706956229633261e-04 1.941192815845224517e+00
6.000000000000000000e+00 1.437134801283972196e+00 8.045055949120771821e-01 8.244946794076747354e-01 2.086874893023739297e+00 4.133422075760099790e-01 -4.544959109866292812e-01
6.200000000000000178e+00 1.382955273903168303e+00 8.776264892123183392e-01 6.862720215957637260e-01 1.870553781548050409e+00 9.397160947153163635e-01 -7.461095214307955636e-01
6.400000000000000355e+00 1.350414101321527394e+00 9.111150360730517761e-01 6.142404466565030141e-01 1.786863916878990599e+00 1.054062146923816501e+00 -7.664653230409392837e-01
6.599999999999999645e+00 1.328630559560760371e+00 9.404075732791709052e-01 5.539333584948683553e-01 1.727526943992910402e+00 1.044865326895604296e+00 -7.376585547652559915e-01
6.799999999999999822e+00 1.308810564942209931e+00 9.722764151508821451e-01 4.966941156459231954e-01 1.674075786341284067e+00 9.985367588606897105e-01 -6.931676410928229171e-01
7.000000000000000000e+00 1.288789603415852802e+00 1.007951804308623966e+00 4.418323372908845026e-01 1.623302371007076639e+00 9.407129504590576730e-01 -6.418073900729351910e-01
7.200000000000000178e+00 1.270975518611354049e+00 1.047621402134559121e+00 3.898463884099731547e-01 1.572471534027970685e+00 8.817652385064633780e-01 -5.873819994166693537e-01
7.400000000000000355e+00 1.254318067636155609e+00 1.090937640044590040e+00 3.414888268616884659e-01 1.522991843031261672e+00 8.252060687672947425e-01 -5.315590169144690513e-01
7.599999999999999645e+00 1.230984019089325532e+00 1.137628926321840650e+00 2.971589817019997803e-01 1.481741809560231937e+00 7.721188421453878403e-01 -4.751158708344302983e-01
7.799999999999999822e+00 1.206636773842608257e+00 1.187686130933337081e+00 2.568987476675811399e-01 1.444509858705702809e+00 7.228251014797102414e-01 -4.184592647765839613e-01
8.000000000000000000e+00 1.182471068199598241e+00 1.241019222384382337e+00 2.206931435588652679e-01 1.410507389724774407e+00 6.775025690472687989e-01 -3.620269491061043343e-01
8.199999999999999289e+00 1.163606465459499084e+00 1.297645073154606976e+00 1.883919423574466345e-01 1.375335206258861964e+00 6.360642107451645044e-01 -3.060901585476420439e-01
8.400000000000000355e+00 1.144689390385247307e+00 1.357661380411933516e+00 1.597704042973479011e-01 1.343423532778392326e+00 5.979579394228037303e-01 -2.505933715010779106e-01
8.599999999999999645e+00 1.127049910071734384e+00 1.421258980794045890e+00 1.345652809890423018e-01 1.313378774049436704e+00 5.633276321454867563e-01 -1.958913381741088366e-01
8.800000000000000711e+00 1.110555885772002149e+00 1.488597189537229859e+00 1.125209676652362129e-01 1.285139525220914125e+00 5.319080280974652908e-01 -1.421011862211319643e-01
9.000000000000000000e+00 1.091352609549089081e+00 1.559874120349370452e+00 9.337301017083483867e-02 1.262040434824511781e+00 5.034058832480565737e-01 -8.929317963276083014e-02
9.199999999999999289e+00 1.073803768049249818e+00 1.635455919366887167e+00 7.684108475486854661e-02 1.239866333878795635e+00 4.778751243945948413e-01 -3.774878829744148651e-02
9.400000000000000355e+00 1.057412069769211538e+00 1.716405538666061492e+00 6.259798653659626178e-02 1.218508453992730001e+00 4.555382391324560021e-01 1.241883893393385188e-02
9.599999999999999645e+00 1.042470902441575253e+00 1.800960627654997648e+00 5.062080788251666769e-02 1.198413348809002077e+00 4.349321257488745207e-01 6.122533842835035933e-02
9.800000000000000711e+00 1.028351828298300186e+00 1.890824600572488468e+00 4.051634260591133879e-02 1.179281919278871715e+00 4.168350002255291065e-01 1.084039795218865038e-01
1.000000000000000000e+01 1.015248401048585603e+00 1.986295993679371596e+00 3.207745345625861999e-02 1.160758999758308541e+00 4.010306853806092087e-01 1.538647762778771189e-01
1.019999999999999929e+01 1.002923701831371028e+00 2.087770562657296214e+00 2.510143329512900048e-02 1.142857928679224422e+00 3.874315952413915354e-01 1.974394183429381000e-01
1.040000000000000036e+01 9.912443028774220455e-01 2.195557019769333706e+00 1.940162052149957059e-02 1.125626096482716498e+00 3.755782451799329347e-01 2.393654987916470078e-01
1.059999999999999964e+01 9.799702303317482377e-01 2.306966121139184533e+00 1.494044047553071131e-02 1.108286147377705477e+00 3.700551068170538360e-01 2.766156687069955544e-01
1.080000000000000071e+01 9.694806170790175592e-01 2.428466622024997079e+00 1.123356363225368713e-02 1.092022718569282569e+00 3.605425272889877242e-01 3.152777590468801017e-01
1.100000000000000000e+01 9.595966231732585561e-01 2.557837179508530401e+00 8.317550148647412031e-03 1.075857969818665438e+00 3.527316641140320064e-01 3.520195775961234008e-01
1.119999999999999929e+01 9.489686399504098091e-01 2.695539406578736585e+00 6.058522498616175471e-03 1.061066480471819284e+00 3.464296119932547824e-01 3.868735382352870844e-01
1.140000000000000036e+01 9.397522479671421847e-01 2.842010702004296174e+00 4.337146065410291823e-03 1.045302932503613835e+00 3.413201125232776523e-01 4.200582001554774569e-01
1.159999999999999964e+01 9.309021123596150638e-01 2.997717287820721221e+00 3.048303904015768964e-03 1.029503164232970169e+00 3.373249226649345789e-01 4.515367590094019334e-01
1.180000000000000071e+01 9.223821337302560153e-01 3.163211604565315138e+00 2.100844651584938064e-03 1.013628795654318404e+00 3.341390480983023603e-01 4.815931852691922588e-01
1.200000000000000000e+01 9.132462930720283145e-01 3.339092713768873288e+00 1.417871428165528658e-03 9.985928674096122837e-01 3.316262813810769150e-01 5.103274540736804088e-01
1.219999999999999929e+01 9.044619335425839735e-01 3.525989466155137197e+00 9.357921669074563496e-04 9.832581083847203862e-01 3.296077133795587422e-01 5.379125713634248518e-01
1.240000000000000036e+01 8.960996316916560733e-01 3.724350435038102702e+00 6.033333221627853321e-04 9.674211285411361549e-01 3.280392015013070539e-01 5.643439162883341353e-01
1.259999999999999964e+01 8.887475147564954936e-01 3.934647491959118781e+00 3.795580876727679175e-04 9.504088838978977938e-01 3.266064148273220558e-01 5.899916849461621648e-01
1.280000000000000071e+01 8.898496055568623220e-01 3.999999349470958254e+00 3.127780742993362074e-04 9.468830781626729198e-01 2.964767113340476268e-01 6.452924078954428433e-01
1.300000000000000000e+01 8.910965852595421621e-01 3.999999936044889015e+00 2.913905393099352928e-04 9.446906049306035280e-01 2.729098629338519988e-01 6.896464939143028827e-01
1.319999999999999929e+01 8.898894285003776661e-01 3.999999752035831246e+00 2.716257289684720138e-04 9.387402690176943620e-01 2.619397898373215794e-01 7.155983802169755270e-01
1.340000000000000036e+01 8.860658506310870042e-01 3.999999782197757980e+00 2.535635947328358395e-04 9.313533480046798374e-01 2.578970270492077499e-01 7.307890839813691031e-01
1.359999999999999964e+01 8.804624947573582716e-01 3.999999950197702603e+00 2.374553229185836600e-04 9.225466787719514006e-01 2.580707047771156337e-01 7.399457701770230100e-01
1.380000000000000071e+01 8.717335332289045668e-01 3.999999995857588253e+00 2.236478691155634755e-04 9.142732388883877404e-01 2.611376548564812716e-01 7.458643137455891470e-01
1.400000000000000000e+01 8.616767938656129111e-01 3.999999996931885793e+00 2.122277561569075959e-04 9.037510539713404789e-01 2.669856714032917688e-01 7.499756146581639804e-01
1.419999999999999929e+01 8.499045768046348259e-01 3.999999995875641812e+00 2.031390754663381425e-04 8.912812374460375997e-01 2.752743245296398467e-01 7.530212477321056586e-01
1.440000000000000036e+01 8.368195120823976874e-01 3.999999996750529085e+00 1.961500673029235669e-04 8.760565419954168265e-01 2.858032636127570414e-01 7.554228036377146349e-01
1.459999999999999964e+01 8.196311191447940292e-01 3.999999977977253707e+00 1.909049072551728579e-04 8.612130478467387995e-01 2.983582898338980605e-01 7.572945249158949954e-01
1.480000000000000071e+01 8.004189192919750617e-01 3.999999970175906583e+00 1.870067823054642287e-04 8.446069725718110544e-01 3.121295730356009601e-01 7.593784240248570017e-01
1.500000000000000000e+01 7.790339450384583531e-01 3.999999963279789128e+00 1.841586200432185588e-04 8.261186270396391196e-01 3.273599937450139552e-01 7.609500673561183648e-01
1.519999999999999929e+01 7.540376772574259867e-01 3.999999968145097284e+00 1.822748056051941095e-04 8.070326304758280722e-01 3.444464675519071650e-01 7.613683455234199204e-01
1.540000000000000036e+01 7.269393596666691160e-01 3.999999978146210999e+00 1.809396888228783447e-04 7.862846183392805388e-01 3.622200981276585408e-01 7.617515356941462201e-01
1.559999999999999964e+01 6.980026992092945859e-01 3.999999984005366382e+00 1.801041251707416327e-04 7.636783888123802599e-01 3.802776401999098388e-01 7.623174118576439007e-01
1.580000000000000071e+01 6.673700474473299726e-01 3.999999978027121816e+00 1.796193642059098724e-04 7.403923134720032939e-01 3.969829502247840258e-01 7.645031844469378779e-01
1.600000000000000000e+01 6.338306895653983419e-01 3.999999973569445810e+00 1.794555833533166566e-04 7.156838373697673727e-01 4.148426368854646884e-01 7.656036428383875547e-01
