0.000000000000000000e+00 5.724178442423933255e+00 1.439500259930107973e+01 5.023594796813900309e+00 6.698941526709923266e+00 -9.999999999999998890e-01 9.226789877043329868e-01
2.000000000000000111e-01 1.747956381446808871e+00 3.999712555379503698e+01 2.476285738163321731e-02 -1.048847702247079683e+00 -9.999999999999998890e-01 9.500120926315220871e-01
4.000000000000000222e-01 1.212280399301453926e+00 2.266510771992215467e+01 6.025030887922636774e-02 -3.543421264085341860e-01 -9.999999999999998890e-01 9.359025385638461980e-01
5.999999999999999778e-01 1.259733071127894233e+00 1.509951756495807551e+01 9.131065326726452158e-02 -2.076100798888519672e-01 -9.999999999999998890e-01 9.230858239697969925e-01
8.000000000000000444e-01 8.514707976662044819e-01 9.780159034767230253e+00 1.553395564797633299e-01 3.645992316187279259e-01 -9.999999999999998890e-01 9.024119205639212771e-01
1.000000000000000000e+00 9.055102152994229936e-01 4.631559234219253973e+00 4.690583315164603695e-01 7.432276442872568500e-01 -9.965911270204628192e-01 8.827488093492815713e-01
1.199999999999999956e+00 8.541553952972137376e-01 3.665676659300345364e+00 5.286550804980799656e-01 8.551888896395773987e-01 -9.445000483173753292e-01 8.783649973748620665e-01
1.399999999999999911e+00 9.584567749891990118e-01 3.797784917303006047e+00 4.330297603177937216e-01 5.857288297593341575e-01 -8.478167633778465051e-01 9.147422870824222230e-01
1.600000000000000089e+00 1.515414356091726367e+00 4.002871647084937479e+00 3.594888678126024195e-01 -2.626218595983610595e-03 -7.539459526095245723e-01 9.587375226774440540e-01
1.800000000000000044e+00 6.965283427507643621e-01 4.187689139482028367e+00 3.078679180741162869e-01 6.730376985336030682e-01 -6.694215502890852321e-01 1.004802650870461500e+00
2.000000000000000000e+00 1.028059408870784841e+00 3.144362439968368061e+00 3.552673060424278995e-01 4.267953650450447833e-01 -7.362623926216780301e-01 9.203117412889174620e-01
2.200000000000000178e+00 1.102771075441136839e+00 2.897848115452391404e+00 3.525328018253280349e-01 3.671771698455590927e-01 -7.172117301920254429e-01 9.102118451818956846e-01
2.399999999999999911e+00 1.035694741636855820e+00 2.637528343688297916e+00 3.536491356522797336e-01 4.568070895350404559e-01 -7.147524137702129243e-01 8.851841069869461620e-01
2.600000000000000089e+00 1.001753763365235805e+00 2.662381698019831155e+00 3.295019374644994614e-01 4.462592676379572021e-01 -6.619961435018221207e-01 9.079668881920146539e-01
2.799999999999999822e+00 9.232555522198344633e-01 2.332574717884558169e+00 3.487697900119047789e-01 5.893307902785650532e-01 -6.797380984284904226e-01 8.705001855459520987e-01
3.000000000000000000e+00 9.258384969333340875e-01 1.838365605337059394e+00 4.129664592552138580e-01 7.377333023632863807e-01 -7.510997989250691731e-01 7.927655562309782189e-01
3.200000000000000178e+00 1.208987197285237292e+00 1.086934004298800938e+00 6.842220786285860834e-01 9.307481863112024856e-01 -9.511927674009640343e-01 6.493313787847742047e-01
3.399999999999999911e+00 1.240546432049838943e+00 9.369971548017349550e-01 7.562333161280695437e-01 1.027372350464585971e+00 -9.922024019868973532e-01 6.153511135587134140e-01
3.600000000000000089e+00 9.757157272720964336e-01 9.078075870586589380e-01 7.289929334448022047e-01 1.261140381774096042e+00 -9.999999999935681450e-01 5.983882352638537627e-01
3.799999999999999822e+00 1.105112207599516561e+00 8.847751117995396042e-01 7.056598239905936820e-01 1.129166178099983542e+00 -9.999999999975923703e-01 5.861899058974497922e-01
4.000000000000000000e+00 1.312585901690495049e+00 8.628367235133335145e-01 6.853605027922701209e-01 9.523604771347473630e-01 -9.999999999883085744e-01 5.747599329955712655e-01
4.200000000000000178e+00 1.296265604191189080e+00 8.413344653794100347e-01 6.680211663187526350e-01 9.627059121207457437e-01 -9.999999999995450306e-01 5.640933739713719364e-01
4.400000000000000355e+00 1.253969551730227172e+00 8.258159883024582815e-01 6.465823756149089441e-01 9.887092973164759435e-01 -9.999999999922994931e-01 5.538827117665924282e-01
4.599999999999999645e+00 1.433190212949493336e+00 8.090274808413470131e-01 6.291278687508157219e-01 8.516791408409772890e-01 -9.999999026365474775e-01 5.443919205908627212e-01
4.799999999999999822e+00 1.363540407142527888e+00 7.987896096829886217e-01 6.065644627490388574e-01 8.920379178951651777e-01 -9.999999775199579499e-01 5.351364390994821640e-01
5.000000000000000000e+00 1.216486474595957601e+00 8.026578087535851669e-01 5.787572819586288553e-01 9.817267180991046116e-01 -9.841826088028071684e-01 5.323138366761231977e-01
5.200000000000000178e+00 1.223260599157424577e+00 8.305064807685237360e-01 5.462722513357722853e-01 9.256999416119123802e-01 -9.320389676732223627e-01 5.444990949444739048e-01
5.400000000000000355e+00 1.125127388628181624e+00 8.531227176694643477e-01 5.180100190763268220e-01 9.671905121029692465e-01 -8.880039711184322115e-01 5.544206349581284332e-01
5.599999999999999645e+00 1.196172611322553925e+00 8.832919045582242612e-01 4.911403454736444907e-01 8.576155002411142148e-01 -8.322210439270008031e-01 5.709356565456876753e-01
5.799999999999999822e+00 1.064605162937364069e+00 9.076460572649731606e-01 4.672722159080384130e-01 9.340563223557903916e-01 -7.864126658810547399e-01 5.842454317763191574e-01
6.000000000000000000e+00 9.849204404575918614e-01 9.367294273467159371e-01 4.444885475124631391e-01 9.687629371043480209e-01 -7.351697669110744959e-01 6.019063547142986526e-01
6.200000000000000178e+00 4.799339530391045772e-01 9.650257370708056337e-01 4.233486470227911802e-01 1.647215118011458035e+00 -6.868230484431242511e-01 6.198984409450248867e-01
6.400000000000000355e+00 6.699809249781456533e-01 9.901423866083420844e-01 4.032626978506652082e-01 1.278048403337358696e+00 -6.457492866641079132e-01 6.352424404252479118e-01
6.599999999999999645e+00 1.169922625194466770e+00 1.009903402034565634e+00 3.850702559807078762e-01 6.911706515242326265e-01 -6.120571609368744559e-01 6.472866720135371787e-01
6.799999999999999822e+00 1.096070994732262438e+00 1.036390494658226080e+00 3.671233868898834962e-01 7.220652520900286975e-01 -5.716761273072158422e-01 6.653255146560675959e-01
7.000000000000000000e+00 1.104583945723733418e+00 1.063036988054360421e+00 3.501654918760376822e-01 6.810923210584377552e-01 -5.325441431597500719e-01 6.844900319934608124e-01
7.200000000000000178e+00 1.157877321325840869e+00 1.088619842959878126e+00 3.336872011580337416e-01 6.030889495684053081e-01 -4.973132720377825278e-01 7.025285205886220297e-01
7.400000000000000355e+00 1.134167813081701670e+00 1.111853440733687526e+00 3.181466480993213608e-01 5.958809829905553634e-01 -4.659815275464564421e-01 7.191022987596196181e-01
7.599999999999999645e+00 1.058702263558976675e+00 1.136909738759925181e+00 3.028517971710280032e-01 6.365130648587578044e-01 -4.349075731546613310e-01 7.372237320747160316e-01
7.799999999999999822e+00 9.377018697308749928e-01 1.163861817168106327e+00 2.880683884330287881e-01 7.292328190323352777e-01 -4.035717749062541215e-01 7.576951710271038198e-01
8.000000000000000000e+00 8.767996986348857158e-01 1.191973193930634611e+00 2.737714562332337898e-01 7.679411776678042312e-01 -3.729285409983980060e-01 7.798680052354863834e-01
8.199999999999999289e+00 1.313021736406800200e+00 1.219785947690985362e+00 2.600448371778490975e-01 3.369351411224749127e-01 -3.442406590972548752e-01 8.024191796009126909e-01
8.400000000000000355e+00 1.366372376986295878e+00 1.249085254327214178e+00 2.463537646866421627e-01 2.702075908377403191e-01 -3.170620855159029805e-01 8.257073901421874140e-01
8.599999999999999645e+00 1.382559451179664167e+00 1.278799597538455179e+00 2.332633187801004260e-01 2.321785047965806148e-01 -2.909580399113710913e-01 8.504948860396059906e-01
8.800000000000000711e+00 1.433351340161418408e+00 1.309706654897289102e+00 2.205805158900298324e-01 1.701254227256031870e-01 -2.657482610216773122e-01 8.771809626411881666e-01
9.000000000000000000e+00 1.454254870588539417e+00 1.340344874193741154e+00 2.082211881683208310e-01 1.309606527582912461e-01 -2.428108826791188224e-01 9.035222884439019220e-01
9.199999999999999289e+00 1.440039076861496570e+00 1.371316622426450138e+00 1.963166015723921687e-01 1.168471533584598543e-01 -2.212310023971250927e-01 9.309168434267796055e-01
9.400000000000000355e+00 1.568572825678112181e+00 1.405060682688864748e+00 1.845875060815963808e-01 6.966857205842153129e-03 -1.999934925656863260e-01 9.615101834078880749e-01
9.599999999999999645e+00 1.577809236911673407e+00 1.438398358639549679e+00 1.733508879880007736e-01 -2.208364139587568400e-02 -1.805781146797207914e-01 9.924295506586373605e-01
9.800000000000000711e+00 1.599215377835619289e+00 1.473657067777974783e+00 1.624237040253581066e-01 -5.867970131348863166e-02 -1.618991981096572497e-01 1.026212926327566111e+00
1.000000000000000000e+01 2.456710497396076942e+00 3.639218591105845224e+00 1.123851529410096786e-05 -5.164448708661369958e-01 -8.733812497970747657e-01 5.058859113046840772e-01
1.019999999999999929e+01 2.558879645857070617e+00 3.819738663450847227e+00 5.963138468667961626e-06 -5.517658705055363821e-01 -8.842884301952836923e-01 4.968193589762605611e-01
1.040000000000000036e+01 2.644396102966887430e+00 4.323108689910929670e+00 9.477787066386363709e-07 -5.649224659847420504e-01 -9.115147170646457075e-01 4.860967145112678467e-01
1.059999999999999964e+01 3.466148632106637262e+00 4.455737071724872322e+00 4.881712483550255324e-07 -8.176214703849944421e-01 -9.257829122208870443e-01 4.794378534421121496e-01
1.080000000000000071e+01 3.417062907057298649e+00 3.853888804741562701e+00 3.537176891468036014e-06 -8.032553958685787476e-01 -8.737960114604422790e-01 4.914096253562731387e-01
1.100000000000000000e+01 3.376864323737830187e+00 4.167302820093986782e+00 9.887942112242272278e-07 -7.830178264594208626e-01 -8.903461676223484167e-01 4.834018623203254483e-01
1.119999999999999929e+01 3.107211080702067196e+00 3.981256814083244056e+00 1.697744843629853911e-06 -7.034061376497882101e-01 -8.628883672801826998e-01 4.881731604821028525e-01
1.140000000000000036e+01 3.471392301839314687e+00 3.971868948811418942e+00 1.454470817004955063e-06 -8.134037184000130205e-01 -8.537478546067847063e-01 4.877199841841989292e-01
1.159999999999999964e+01 3.725009687001918923e+00 4.049473518500158242e+00 1.002848400117230607e-06 -8.657082923189757251e-01 -8.609136999691328063e-01 4.822310695783348922e-01
1.180000000000000071e+01 3.117324133383031270e+00 4.168792480173311610e+00 5.121961294283090729e-07 -6.087187024758287102e-01 -9.712269459185889353e-01 4.477658128012997341e-01
1.200000000000000000e+01 3.077598442496196629e+00 4.363154458191383256e+00 2.401023164072374232e-07 -6.675403840992942817e-01 -8.609859603941585338e-01 4.748020350756465002e-01
1.219999999999999929e+01 1.294406974124429066e+00 4.571018689016143277e+00 9.841345409482747091e-08 1.466251767465073241e-01 -8.034917187915758818e-01 4.862055686728724568e-01
1.240000000000000036e+01 1.366667801397962956e+00 4.584350215028573317e+00 6.778464971498231579e-08 1.324738066831158967e-01 -8.388734528769026255e-01 4.740765002392040017e-01
1.259999999999999964e+01 1.950503020421140876e+00 -6.648281129525654767e-03 1.163183660575233258e+00 1.291051532177778238e+00 -9.999999736343131440e-01 5.006872260990968826e-01
1.280000000000000071e+01 3.551182106631269875e+00 1.433992391304995256e-02 6.190610575208598476e+00 5.559534940884440779e+00 -6.413707332169041875e-01 5.728953738429828357e-01
1.300000000000000000e+01 4.004827238757112440e+00 1.878277676404780522e-02 8.659752672613203472e+00 7.841163631979790161e+00 -4.792241482340273140e-01 6.262505957394814970e-01
1.319999999999999929e+01 1.815745657240417144e+00 3.136785075002972989e-01 8.920719538708632435e-01 7.669322736033756804e-01 -2.539762775290974051e-01 7.461019037844227597e-01
1.340000000000000036e+01 1.388659820467573969e+00 1.712309975166727449e+00 3.969903587254317717e-02 -6.519223892324770009e-02 -1.278783007984128917e-01 9.007046769712871992e-01
1.359999999999999964e+01 1.429178799568125990e+00 1.833637779682823599e+00 3.101407278519165145e-02 -1.244422005159403488e-01 -1.162104292241796094e-01 9.184968355347334912e-01
1.380000000000000071e+01 1.422171400026891686e+00 1.893046074010462876e+00 2.677024568753735498e-02 -1.368780996870987421e-01 -1.084633451196151815e-01 9.300321725633867720e-01
1.400000000000000000e+01 1.592221398651836317e+00 1.904981535013905880e+00 2.482656924935482817e-02 -2.584789774997016676e-01 -1.039590795881178281e-01 9.352940374351996766e-01
1.419999999999999929e+01 1.585370417471173132e+00 1.945780198954149220e+00 2.214178489757615692e-02 -2.694044128531652427e-01 -9.601860880933511810e-02 9.516881717650015338e-01
1.440000000000000036e+01 1.418530094665349406e+00 1.987674550335031931e+00 1.970809479221731844e-02 -1.735773767367269904e-01 -8.816452956453485479e-02 9.699127700467149449e-01
1.459999999999999964e+01 1.490461944493676638e+00 2.030965533997159511e+00 1.748820359439726135e-02 -2.385040381899299622e-01 -8.052087441847349814e-02 9.897655755156682389e-01
1.480000000000000071e+01 1.514878069015000772e+00 2.088019002308208805e+00 1.504698355402019072e-02 -2.699169937324069068e-01 -7.452048666366650753e-02 1.003459055677645262e+00
1.500000000000000000e+01 1.539477845723422833e+00 2.137230782558907194e+00 1.315858257028663589e-02 -3.010630106053207578e-01 -6.795777363313705577e-02 1.022848528255532630e+00
1.519999999999999929e+01 1.589957736793599974e+00 2.167763899567147323e+00 1.173885726602392349e-02 -3.436675553586197585e-01 -6.428772750223080146e-02 1.030519862300929290e+00
1.540000000000000036e+01 1.575230160786316169e+00 2.208898828216713905e+00 1.032222377740504848e-02 -3.472257024233569300e-01 -5.935381448189609721e-02 1.046003953785509921e+00
1.559999999999999964e+01 1.540925666698076624e+00 2.260619058281440275e+00 8.913222071055540083e-03 -3.387827606798192726e-01 -5.446161576188592729e-02 1.062211884670742679e+00
1.580000000000000071e+01 1.436938061020646584e+00 2.250461642109565119e+00 8.365157227039754853e-03 -2.720106029745068543e-01 -5.460921276407026265e-02 1.053116421284263193e+00
1.600000000000000000e+01 1.414518287298921706e+00 2.258157458873414569e+00 7.672108957536191362e-03 -2.628328719948508918e-01 -5.303491505215839064e-02 1.053591922691351712e+00
