0.000000000000000000e+00 1.273102484243367272e+01 7.811415761571328942e-02 3.364066795107013341e+00 3.195337416338359215e+00 7.252644880391075910e-01 8.827251384268450151e-06
2.000000000000000111e-01 5.055668525148059089e+00 3.362161465823853002e-01 1.535856175868298701e+00 1.141839147290360845e+00 3.220047386042526605e-01 3.688450853900780073e-05
4.000000000000000222e-01 1.322680695046875243e+00 8.379526405504388320e-01 1.563872572509068526e+00 2.709829901125447933e-07 6.707728880961759399e-02 8.392329298222005463e-01
5.999999999999999778e-01 2.928683202545104169e+00 6.223015389841572986e-01 1.207813738884597754e+00 5.944508604830424092e-01 2.590854253165409404e-01 1.407071805274897301e-03
8.000000000000000444e-01 1.499419372572511833e+01 2.179949468909782306e-02 1.333147704593414318e+01 1.328593831880792386e+01 5.143979604312495235e-01 4.814052536013268539e-08
1.000000000000000000e+00 1.499999999999262634e+01 1.863227426597554443e-02 1.499999999330627531e+01 1.476014708535690367e+01 3.332641616260593853e+00 6.158470077863098199e-32
1.199999999999999956e+00 1.499999999991325517e+01 1.847684152786513781e-02 1.499999999922400384e+01 1.467002491685717303e+01 4.736622646162356176e+00 1.008474799418402033e-26
1.399999999999999911e+00 1.499999999999939426e+01 1.851459094397458691e-02 1.499999999999605826e+01 1.467882304659163140e+01 4.709205922052844606e+00 3.621183824458886915e-31
1.600000000000000089e+00 1.499999999996389199e+01 1.876479600531484257e-02 1.499999999999404388e+01 1.467515498259954576e+01 4.917870829374990649e+00 1.808593962455260514e-31
1.800000000000000044e+00 1.499999997939774943e+01 1.942291874761098436e-02 1.499999896344094275e+01 1.482830593153073195e+01 2.867482756801658539e+00 3.158869599196664203e-26
2.000000000000000000e+00 1.492054666210514924e+01 3.843490096752132101e-02 7.388170492003596657e+00 7.377137036335679632e+00 4.651813332213534102e-01 3.197295519155969661e-05
2.200000000000000178e+00 3.222729326468372957e+00 5.510114736756061005e-01 1.349850835669299753e+00 1.101642542534786662e+00 1.151746759091468036e-01 4.647870386826661454e-02
2.399999999999999911e+00 1.866530780501480136e+00 7.846217990206263426e-01 1.235708929150359792e+00 6.739730558214779288e-01 3.036741017374423868e-02 5.964499916489294021e-06
2.600000000000000089e+00 4.075347509240442867e-01 1.037810271545332341e+00 3.175283871662777369e+00 3.486144109866187946e-07 1.904747564071875097e-10 5.083173683669531435e-03
2.799999999999999822e+00 4.848820901484390267e-01 1.029290101588143935e+00 2.628186672927385281e+00 5.388765055322147753e-11 3.045074368344601013e-08 9.280148747149440380e-01
3.000000000000000000e+00 1.360191155232319371e+00 8.812980873415527938e-01 1.239318155304352631e+00 1.072699230469129628e-01 4.139627722730995218e-01 2.287979691787080877e-06
3.200000000000000178e+00 3.768407393565808228e+00 5.710477780900282685e-01 9.638272683316448930e-01 6.577686653157455154e-01 4.928088045000832973e-01 6.958675560595189974e-06
3.399999999999999911e+00 4.702932979145568737e+00 4.148726951572355159e-01 1.249627607711750077e+00 1.169326093669666999e+00 7.052080905597197993e-04 4.406541531804919476e-01
3.600000000000000089e+00 6.131780044893576864e+00 3.157500772229708819e-01 1.394872716852896044e+00 1.363520826828284349e+00 2.216197411810079745e-02 3.150619604029638587e-01
3.799999999999999822e+00 7.341509358761306281e+00 2.478259256870926908e-01 1.583155052022806597e+00 1.581286450383284414e+00 4.452684107670402264e-03 2.530977054441639895e-01
4.000000000000000000e+00 8.025073303843418770e+00 1.992611676730022263e-01 1.889576719108113201e+00 1.901282537673056883e+00 2.698077025822355479e-02 2.060608904862085977e-01
4.200000000000000178e+00 8.920864449909453597e+00 1.637670415763143872e-01 2.134098203267305482e+00 2.159140948069161237e+00 5.722284314008439267e-03 1.885810040614071814e-01
4.400000000000000355e+00 7.793259767530178905e+00 1.375286244718677831e-01 3.055622690821077736e+00 3.019918382972768267e+00 5.993036436519989518e-01 1.411093873668695931e-01
4.599999999999999645e+00 1.107016603010189648e+01 1.178522278079288249e-01 2.486748262010888055e+00 2.522223463706394497e+00 7.666883857023684863e-03 1.342531517013722253e-01
4.799999999999999822e+00 1.200962371661493044e+01 1.033817662534222553e-01 2.662806149082269869e+00 2.682667518016079722e+00 2.312758346300553269e-01 1.131985658139481599e-01
5.000000000000000000e+00 1.321367476682364384e+01 9.269393360236104218e-02 2.764851133414432116e+00 2.740367278291588882e+00 8.548181634561249354e-01 9.676019634560731331e-02
5.200000000000000178e+00 9.195093430573017201e+00 1.461076660754739021e-01 2.312412104870759322e+00 2.355340016545953929e+00 6.914553175145034258e-02 1.467376201032271343e-01
5.400000000000000355e+00 1.106774620808516119e+01 1.254701696118708520e-01 2.282939235797978306e+00 2.321437204480480077e+00 1.175424591661237972e-01 1.254886764482652239e-01
5.599999999999999645e+00 1.078917415927409884e+01 1.105996936040742062e-01 2.691611397933111327e+00 2.734377735242821572e+00 1.500060690872957458e-01 1.115574637802522889e-01
5.799999999999999822e+00 1.309563932883157023e+01 9.997618514866109252e-02 2.468619832294451033e+00 2.510565451891631383e+00 1.206580951668117935e-01 1.003813865762777369e-01
6.000000000000000000e+00 1.214422631661033058e+01 9.259046962483581666e-02 2.893039593694490375e+00 2.934851588605858819e+00 2.133932357906812849e-01 9.275790421244708983e-02
6.200000000000000178e+00 1.043659476076088666e+01 8.766504890877886702e-02 3.440650849669111278e+00 3.609903017739770181e+00 -9.999999141907215394e-01 8.955835493668147518e-02
6.400000000000000355e+00 1.015832528780037691e+01 8.442056891061930357e-02 3.661795133848184669e+00 3.839677908528442263e+00 -9.999992456086260750e-01 9.465027622912011718e-02
6.599999999999999645e+00 1.030231905060376540e+01 8.298172212533938552e-02 3.672105597923949638e+00 3.851081404424116172e+00 -9.999993241544529177e-01 8.791460707553117038e-02
6.799999999999999822e+00 1.067261838467297785e+01 8.276618127734748642e-02 3.548127652444714730e+00 3.724034759155218310e+00 -9.999929914801624076e-01 8.090251738450714158e-02
7.000000000000000000e+00 8.463074452277421500e+00 1.292945535661138012e-01 2.660817743130128310e+00 2.875911612543793350e+00 -9.999999408762315634e-01 1.278016603154111253e-01
7.200000000000000178e+00 8.877308497059663850e+00 1.220971597400945102e-01 2.702576156230660054e+00 2.912680697185038525e+00 -9.999998846879110115e-01 1.214194894795207480e-01
7.400000000000000355e+00 8.668465488228640936e+00 1.168037418784051290e-01 2.896135180104451923e+00 3.115892293877349228e+00 -9.999997821083759231e-01 1.223468665797742272e-01
7.599999999999999645e+00 9.724369484992552159e+00 1.137195604002121524e-01 2.657627375336453213e+00 2.857174529615763792e+00 -9.999999984194233305e-01 1.136299278813501096e-01
7.799999999999999822e+00 8.694158471804080079e+00 1.117346278005504345e-01 3.017657645554548296e+00 3.244515163509066547e+00 -9.999997687332941032e-01 1.139412039794690940e-01
8.000000000000000000e+00 9.309195770279966808e+00 1.109902871740796604e-01 2.829095346802895428e+00 3.044063233352440001e+00 -9.999920687117402895e-01 1.112547080725124066e-01
8.199999999999999289e+00 8.844363607152969209e+00 1.112242997070901213e-01 2.955900324111860211e+00 3.185103068111453606e+00 -9.999999844598156384e-01 1.118462462728148921e-01
8.400000000000000355e+00 8.579714906259210849e+00 1.081985470236219160e-01 3.132033188894030928e+00 3.371928939635238098e+00 -9.999899625626996746e-01 1.081743620992136751e-01
8.599999999999999645e+00 8.740265675763740916e+00 1.110927324451625037e-01 2.966688523476622930e+00 3.204371443000877395e+00 -9.999556746338709168e-01 1.111098881468426114e-01
8.800000000000000711e+00 8.419878966659510411e+00 1.141702481539939029e-01 2.967944952137689274e+00 3.216817052101515362e+00 -9.999999702136825874e-01 1.140036956120974582e-01
9.000000000000000000e+00 8.383672934165538493e+00 1.173716932381462380e-01 2.870516961518182697e+00 3.122471349185827805e+00 -9.999416906050370146e-01 1.173682425184695843e-01
9.199999999999999289e+00 8.747978213497219713e+00 1.209060042597165652e-01 2.642410276200751085e+00 2.885641968585333839e+00 -9.999687482318286857e-01 1.209247036433926531e-01
9.400000000000000355e+00 9.539666303254138668e+00 1.067457280810052284e-01 2.788926194483024812e+00 3.016815404252287003e+00 -9.999989306124160704e-01 1.066010765894641471e-01
9.599999999999999645e+00 8.553400153153587482e+00 1.156436004681633822e-01 2.818515762193231300e+00 3.073156194677963526e+00 -9.999999707744373634e-01 1.147532987271188687e-01
9.800000000000000711e+00 8.744396263283578108e+00 1.257207889569619819e-01 2.500401081637467549e+00 2.731797286223719201e+00 -8.443736627659156335e-01 1.257216735126806262e-01
1.000000000000000000e+01 9.573038484306442442e+00 1.319563427162394054e-01 2.168361149365664264e+00 2.356337081825456981e+00 -6.131980348463996755e-01 1.319321356839161519e-01
1.019999999999999929e+01 8.936125101724822883e+00 1.379397685289398545e-01 2.192496629417183041e+00 2.393556852070650720e+00 -6.035386552321508891e-01 1.381080014152841207e-01
1.040000000000000036e+01 8.691119273806494405e+00 1.430820737911924490e-01 2.146699399792607377e+00 2.353116267535728223e+00 -5.934425451470858315e-01 1.431141889853949078e-01
1.059999999999999964e+01 7.792219126521107597e+00 1.490055360382864513e-01 2.268518605886951089e+00 2.497992325362972110e+00 -5.822373297494406463e-01 1.490057250428771518e-01
1.080000000000000071e+01 7.555598797367347075e+00 1.548835213642818232e-01 2.220482288043571284e+00 2.456448628154397795e+00 -5.724385215115582737e-01 1.548851077237908269e-01
1.100000000000000000e+01 7.613382082106898707e+00 1.528330749777388475e-01 2.226319452349773798e+00 2.461705310324008522e+00 -5.655249838527628414e-01 1.528571686237334692e-01
1.119999999999999929e+01 7.342026240022488714e+00 1.598680255405314776e-01 2.173357027713932244e+00 2.416194349942792474e+00 -5.555322886038928099e-01 1.598522784160522625e-01
1.140000000000000036e+01 6.915596806082168868e+00 1.683053378222198193e-01 2.144050022706728953e+00 2.409917826325236323e+00 -6.134303932500386747e-01 1.683593852603929020e-01
1.159999999999999964e+01 6.557865893661273482e+00 1.750316916376772891e-01 2.140548049610918380e+00 2.419641159113993467e+00 -6.053135016132470403e-01 1.750174790614412168e-01
1.180000000000000071e+01 6.373891246402680899e+00 1.818168447933974641e-01 2.086560680906600407e+00 2.372571861322560594e+00 -5.992472739451183417e-01 1.818180891519010356e-01
1.200000000000000000e+01 6.165192527596962790e+00 1.886910146247040287e-01 2.045309424245111085e+00 2.339418941383442530e+00 -5.916424589722347749e-01 1.887426274916607083e-01
1.219999999999999929e+01 6.147484995552760623e+00 1.957001303713122586e-01 1.944969633522166896e+00 2.238662865236290767e+00 -5.870638038222013577e-01 1.956542245865234009e-01
1.240000000000000036e+01 6.266820176495975225e+00 2.028310993791700434e-01 1.874318367548607700e+00 2.096308562952476695e+00 -1.769856679072973615e-01 2.028414955096592975e-01
1.259999999999999964e+01 6.102108327252182995e+00 2.100920728970772644e-01 1.829185506354542579e+00 2.055929007820477938e+00 -1.746917384772955772e-01 2.101626174442681183e-01
1.280000000000000071e+01 5.816195945139911672e+00 2.174904640102739151e-01 1.797835079892685872e+00 2.060508938088676523e+00 -3.251544220334538493e-01 2.174989082336877266e-01
1.300000000000000000e+01 5.459068287570999267e+00 2.250639598289778387e-01 1.820604665894378416e+00 2.097301163987816963e+00 -3.153148824007764306e-01 2.250410523088150205e-01
1.319999999999999929e+01 5.463961386220207217e+00 2.328121971297289483e-01 1.736696355137202552e+00 2.002040502966346835e+00 -2.631579135283186321e-01 2.327672952743237433e-01
1.340000000000000036e+01 4.714707983839285355e+00 2.407223928495897669e-01 1.842489264644161517e+00 2.217074971802381445e+00 -5.889862841690246542e-01 2.407267147868829837e-01
1.359999999999999964e+01 4.499446891329457188e+00 2.487947269921940430e-01 1.832938142608864451e+00 2.220173425465858053e+00 -5.759306366287225698e-01 2.487704052953615963e-01
1.380000000000000071e+01 4.330013189843458399e+00 2.570645577883235999e-01 1.810734756091940900e+00 2.204600766529762890e+00 -5.508131175293227155e-01 2.570727109807323107e-01
1.400000000000000000e+01 4.185231208891727839e+00 2.654670626548831236e-01 1.767496737356306635e+00 2.180059533677619399e+00 -5.848340212644334013e-01 2.655028445525972614e-01
1.419999999999999929e+01 4.383400891376039610e+00 2.741242007983069051e-01 1.648505160837913541e+00 1.988868579474623699e+00 -3.640743744611639188e-01 2.740561484318125296e-01
1.440000000000000036e+01 4.203580605762718747e+00 2.830343668418275893e-01 1.632588380971475628e+00 1.980926513083733020e+00 -3.515241873365574365e-01 2.830104655752452292e-01
1.459999999999999964e+01 4.048059837166148256e+00 2.920939082709058110e-01 1.609321220220190751e+00 1.964975293176733473e+00 -3.430886589534264952e-01 2.921026856264494209e-01
1.480000000000000071e+01 3.987013082146882326e+00 3.012396085790390310e-01 1.551882999804255592e+00 1.906394170629101659e+00 -3.338786401164403062e-01 3.011830813272580731e-01
1.500000000000000000e+01 3.826094807883769988e+00 3.106919980069106635e-01 1.535231738820500347e+00 1.897106467581823219e+00 -3.232517424172690612e-01 3.107423036751809087e-01
1.519999999999999929e+01 3.697916052621480265e+00 3.202869908741052818e-01 1.509130195112101003e+00 1.874570989515349950e+00 -3.092853859758039059e-01 3.203022431839315787e-01
1.540000000000000036e+01 3.924042922103494035e+00 3.315484951745060749e-01 1.378649980305271638e+00 1.676969009816869249e+00 -1.513519141932676837e-01 3.315130266416620453e-01
1.559999999999999964e+01 2.005187791003013142e+00 6.447897485627083203e-01 1.079158184469334314e+00 1.908185674557018707e+00 -9.999999999986632915e-01 -2.285056504376047626e-01
1.580000000000000071e+01 3.140052752621253607e+00 3.878895344115690369e-01 5.827416523457489284e+00 -3.330505200452976711e-01 1.999999868446326090e+01 2.973581621951419951e-01
1.600000000000000000e+01 8.841942992882263486e-01 8.506397564992100868e-01 8.715337861952701104e-01 2.028718802100493157e+00 -4.401545804682824858e-01 8.507513052227183570e-01
