0.000000000000000000e+00 1.385587683532135683e+00 7.365176332455915187e+00 6.998879988548454417e-03 5.907832959383806370e-01 -9.999999999999998890e-01 7.896017558156130933e-01
2.000000000000000111e-01 1.105506641253449107e+00 5.490495544993876820e+00 2.016853706452294975e-02 8.379234505077560735e-01 -9.999999999999998890e-01 7.462845828128463754e-01
4.000000000000000222e-01 1.165304095372735160e+00 3.797187566169131223e+00 5.912481432768660478e-02 8.451290255616286107e-01 -9.999999999999992228e-01 7.114750508024212383e-01
5.999999999999999778e-01 1.173468120414026927e+00 2.544033250079518638e+00 1.473286784558416884e-01 9.502385096820278321e-01 -9.999999999999998890e-01 6.823310107771810573e-01
8.000000000000000444e-01 1.354423740811761423e+00 1.855091370934889738e+00 2.573826754988819410e-01 9.265286075193314153e-01 -9.999999999999998890e-01 6.569182283654820820e-01
1.000000000000000000e+00 1.461331553629549251e+00 1.492241362903488522e+00 3.490656726217313821e-01 9.394249485849601733e-01 -9.985294209052781866e-01 6.354502107279175194e-01
1.199999999999999956e+00 1.282805731809603556e+00 1.412474850263744308e+00 3.599141820829019345e-01 1.042512217300182176e+00 -9.417258843606824970e-01 6.419348451764117502e-01
1.399999999999999911e+00 1.435483569414672589e+00 1.359922296102441086e+00 3.609554380649151462e-01 8.963019939415318715e-01 -8.931140394872171262e-01 6.469833525726857992e-01
1.600000000000000089e+00 1.113017227527657971e+00 1.339627125400836505e+00 3.513629519583630345e-01 1.103684733177719757e+00 -8.392116265592018953e-01 6.573450299963975452e-01
1.800000000000000044e+00 1.172242099599693610e+00 1.314811593653484989e+00 3.433221053327365491e-01 1.013584465129251377e+00 -7.991259395452245951e-01 6.622756980217108236e-01
2.000000000000000000e+00 1.674190546580419880e+00 1.051392039521171773e+00 4.275272942872063719e-01 8.008387711362138228e-01 -9.285769134105112954e-01 5.840971329145028257e-01
2.200000000000000178e+00 1.104802988344584014e+00 1.029478323411602059e+00 4.150167133054458724e-01 1.188318902708091152e+00 -9.133406956065287519e-01 5.779667277985661711e-01
2.399999999999999911e+00 1.156368413330550071e+00 1.015101187114871628e+00 3.989490645725505269e-01 1.112714213837244781e+00 -9.006667518963018537e-01 5.713153459485745822e-01
2.600000000000000089e+00 1.154886608608627352e+00 1.024559009921746311e+00 3.750942780210035910e-01 1.067260559030787315e+00 -8.681633817871158287e-01 5.739309123793899792e-01
2.799999999999999822e+00 1.364184356287831745e+00 1.038028258307112983e+00 3.516252869007105986e-01 8.543964030660102793e-01 -8.349220080792647547e-01 5.776315537217796559e-01
3.000000000000000000e+00 1.194468703239808693e+00 1.053076175288687688e+00 3.303135126416659739e-01 9.426085995892444780e-01 -7.994998823108153685e-01 5.832904018542569569e-01
3.200000000000000178e+00 1.262008781710342253e+00 1.067533068009890673e+00 3.106429616168597252e-01 8.465005888142270729e-01 -7.673747052639872113e-01 5.881968685027090249e-01
3.399999999999999911e+00 1.070664060394954875e+00 1.088138989955935276e+00 2.913072256770263824e-01 9.672936207060146563e-01 -7.293413746783482532e-01 5.969768881962719265e-01
3.600000000000000089e+00 8.576445605096189029e-01 1.112842995192151463e+00 2.726735152979345989e-01 1.144707776957484713e+00 -6.886237025054602334e-01 6.083563859780506400e-01
3.799999999999999822e+00 7.244970113019731928e-01 1.130885802712795041e+00 2.570910340986769516e-01 1.276163677784629691e+00 -6.552664148215673334e-01 6.169395446679587502e-01
4.000000000000000000e+00 1.306635881678551936e+00 1.153151966513065618e+00 2.418949345878177726e-01 6.478633369369277695e-01 -6.190540462535883970e-01 6.282916768663097118e-01
4.200000000000000178e+00 1.152918162428660187e+00 1.172324010015626916e+00 2.283041364167958664e-01 7.385239075669800535e-01 -5.872964577885672055e-01 6.381299838104771416e-01
4.400000000000000355e+00 3.134127083560509508e+00 1.198922096389202663e+00 2.144232771061353460e-01 -2.997203480294803879e-01 -5.503041083428545921e-01 6.526463905590148551e-01
4.599999999999999645e+00 3.864922801034713640e+00 1.216690701695078314e+00 2.030453785149441137e-01 -5.400323367597940072e-01 -5.215538031218313053e-01 6.629842616208163619e-01
4.799999999999999822e+00 3.636180715409540465e+00 1.238690524750723609e+00 1.915423485480758359e-01 -5.110182640925613473e-01 -4.915217951977798871e-01 6.753863554076402487e-01
5.000000000000000000e+00 3.451411640164386174e+00 1.262931320522804990e+00 1.805783068255126522e-01 -4.912704848655909950e-01 -4.604431067338592976e-01 6.900948130897737176e-01
5.200000000000000178e+00 3.900083801035371334e+00 1.285506141573299344e+00 1.703871697664253171e-01 -6.433680650428581504e-01 -4.325849906185477156e-01 7.036750643503402181e-01
5.400000000000000355e+00 1.205762451412145886e+00 1.308877369350346598e+00 1.607601364508575714e-01 5.011518066684136352e-01 -4.051260447788107566e-01 7.184588617430670565e-01
5.599999999999999645e+00 1.232089323024576188e+00 1.330787306148467186e+00 1.517646859219619337e-01 4.522698197679436150e-01 -3.803168984316468437e-01 7.323095479159157373e-01
5.799999999999999822e+00 1.321147861704125015e+00 1.356263435374132742e+00 1.428546948332347077e-01 3.541371458287603247e-01 -3.545339555358365535e-01 7.487431415366440079e-01
6.000000000000000000e+00 3.523578860014272784e+00 1.285281760737039702e+00 1.422907432632697367e-01 -5.913637904505152365e-01 -4.059956132587485556e-01 6.890839202210143899e-01
6.200000000000000178e+00 1.259822106647151552e+00 1.301131786477605967e+00 1.346207784127228801e-01 4.155659555716464948e-01 -3.871491349367225387e-01 6.971736100988537022e-01
6.400000000000000355e+00 1.400535633669074187e+00 1.319748213912395940e+00 1.270097796321516814e-01 2.871691246517457108e-01 -3.673811276490491773e-01 7.069546239880541982e-01
6.599999999999999645e+00 1.389522535610976606e+00 1.340364520403440007e+00 1.196065514244049333e-01 2.720134727522830476e-01 -3.470771798300151811e-01 7.182746191798698998e-01
6.799999999999999822e+00 1.479490628842998312e+00 1.361837688949053549e+00 1.124463421584148554e-01 1.865760303372887563e-01 -3.274954442295586188e-01 7.299610045528318603e-01
7.000000000000000000e+00 1.492751820724278922e+00 1.384897553019908134e+00 1.055289504946246293e-01 1.546853005340410314e-01 -3.078092810897966047e-01 7.429959331422756330e-01
7.200000000000000178e+00 1.531695635943853162e+00 1.410381483767607858e+00 9.873611052222552864e-02 1.054723606904060251e-01 -2.880187287243504146e-01 7.575176298127637153e-01
7.400000000000000355e+00 1.535727184664839928e+00 1.435808917644515015e+00 9.233357087696587862e-02 8.009677111570885633e-02 -2.692135942477596466e-01 7.723656115739383488e-01
7.599999999999999645e+00 1.597531691525967190e+00 1.462879321091616003e+00 8.611301350248780351e-02 1.789004648141428316e-02 -2.508915410913938882e-01 7.881642727968842799e-01
7.799999999999999822e+00 1.576162272188205593e+00 1.490151206863350231e+00 8.021416451300018846e-02 9.247504173719441750e-03 -2.335850260501428632e-01 8.042388551221019144e-01
8.000000000000000000e+00 1.531134084594530931e+00 1.277739684137031873e+00 9.101641235003754549e-02 1.568171360787188051e-01 -3.635471956090441381e-01 6.484980117817168432e-01
8.199999999999999289e+00 1.559871865947619174e+00 1.297759141740378208e+00 8.460879405893746708e-02 1.209768131565082117e-01 -3.513197338651911084e-01 6.520189263239002386e-01
8.400000000000000355e+00 1.561402663971500626e+00 1.322430514155260139e+00 7.836820440410090238e-02 9.980488234683901339e-02 -3.353796368058517552e-01 6.593913293318223179e-01
8.599999999999999645e+00 1.611314637552578644e+00 1.350176526783810615e+00 7.240503128002802324e-02 4.642134634893727019e-02 -3.173506542575164624e-01 6.695231814034089401e-01
8.800000000000000711e+00 1.507823744358051554e+00 1.379763932019854478e+00 6.676236509978478173e-02 9.013955346813561087e-02 -2.985896785550001264e-01 6.814268594157523173e-01
9.000000000000000000e+00 1.591101356140958156e+00 1.410265262004388731e+00 6.147565430130551289e-02 1.365552572181935251e-02 -2.799545692190820723e-01 6.944145360026789948e-01
9.199999999999999289e+00 1.510635103487256492e+00 1.443083310182273094e+00 5.646394162872624134e-02 4.191507056348522248e-02 -2.606177281217638142e-01 7.096267236089347508e-01
9.400000000000000355e+00 1.652664195702492789e+00 1.476180605419920466e+00 5.177585257484874220e-02 -7.089116831792245665e-02 -2.424532712463828843e-01 7.249802565331394666e-01
9.599999999999999645e+00 1.537874855346888836e+00 1.511667366908993282e+00 4.731225291243926906e-02 -2.249041797990358402e-02 -2.241253116334629425e-01 7.423101919464518694e-01
9.800000000000000711e+00 1.584071979630641058e+00 1.546569244739014026e+00 4.320031825533815484e-02 -7.456151802370622472e-02 -2.073343041355653893e-01 7.593409315643225854e-01
1.000000000000000000e+01 1.521392147870443301e+00 1.613912678480527108e+00 3.727624028342858831e-02 -6.436495868630187633e-02 -1.878348824582276866e-01 7.817647939223663078e-01
1.019999999999999929e+01 1.557241320269939555e+00 1.605840160150685092e+00 3.567800474391506077e-02 -9.015559186606073028e-02 -1.882150040490162268e-01 7.738498785871181784e-01
1.040000000000000036e+01 1.506567997133976933e+00 1.608434546088059580e+00 3.366295370726325037e-02 -6.352042170420746370e-02 -1.856370518539194603e-01 7.708671689621333645e-01
1.059999999999999964e+01 1.521999452082597237e+00 1.618692756672091004e+00 3.140935234493157091e-02 -8.290023952331235235e-02 -1.810901910051274655e-01 7.712397209217587424e-01
1.080000000000000071e+01 1.518464790448242896e+00 1.635882318918994383e+00 2.903002148788620673e-02 -9.246563998752184432e-02 -1.744824842043832536e-01 7.753458233254157950e-01
1.100000000000000000e+01 1.494805224203745286e+00 1.656945803248525140e+00 2.666099501256772100e-02 -8.989356439118931230e-02 -1.670851050886248412e-01 7.812591029617768079e-01
1.119999999999999929e+01 1.462528086340286748e+00 1.682178927224327047e+00 2.433323273941587206e-02 -8.269186996382464627e-02 -1.586646288652937553e-01 7.896456982236964572e-01
1.140000000000000036e+01 1.478340207203090007e+00 1.709776313965150285e+00 2.211140484403739323e-02 -1.086722286332314213e-01 -1.499974384715806186e-01 7.993056915419712860e-01
1.159999999999999964e+01 1.502725675365934821e+00 1.740187497685812268e+00 1.999517071295496551e-02 -1.410453428760763128e-01 -1.409618677895577710e-01 8.106737397294389025e-01
1.180000000000000071e+01 1.460791011058768296e+00 1.773166614578622235e+00 1.799614414065961454e-02 -1.293422871957724263e-01 -1.317474113715818296e-01 8.235912106765607144e-01
1.200000000000000000e+01 1.424389084388029358e+00 1.807623937367189404e+00 1.614180107665103003e-02 -1.208577364334215837e-01 -1.226997925141070367e-01 8.374875638509485798e-01
1.219999999999999929e+01 1.800368111525482817e+00 -4.388411922661942022e+00 5.500068159013723479e-01 3.058456419481284105e-01 -9.999999999999992228e-01 4.457292724744254531e-01
1.240000000000000036e+01 1.387514431085192568e+00 1.882829469235300701e+00 1.281340073819535116e-02 -1.289457098838016347e-01 -1.049698143229196023e-01 8.690858130552034932e-01
1.259999999999999964e+01 1.357610172507599522e+00 1.922638395251184074e+00 1.135269043830238085e-02 -1.243373943741039739e-01 -9.656615985719459172e-02 8.863395948792086587e-01
1.280000000000000071e+01 1.808943331848506864e+00 -3.774371304608505007e+00 6.359226799914046158e-01 3.268798873911737402e-01 -9.999999999998759881e-01 4.400806945941092008e-01
1.300000000000000000e+01 1.374527691408352181e+00 2.202640309466399771e+00 6.460407631054739322e-03 -2.110191816233777107e-01 -6.127452762455926072e-02 1.001551825895090175e+00
1.319999999999999929e+01 1.432674086668093372e+00 2.235874944331805558e+00 5.715968072937308193e-03 -2.644967967709336842e-01 -5.728362331520198136e-02 1.013156728909190507e+00
1.340000000000000036e+01 9.083495815981570409e-01 2.225633541543868166e+00 5.392280224841804193e-03 1.882369220440303914e-01 -5.776372504414587633e-02 1.002815299701925733e+00
1.359999999999999964e+01 8.883331301546273373e-01 -4.020458371121718777e+00 8.844976928764788360e-01 7.893739986309848966e-01 -5.799161968932431410e-01 5.470182642280452257e-01
1.380000000000000071e+01 9.295159698435097040e-01 -3.854521768612477750e+00 9.282911568449199180e-01 7.571703717640484443e-01 -5.857035547102228401e-01 5.421685031368743690e-01
1.400000000000000000e+01 1.045527142269027321e+00 -3.485950515040149078e+00 9.300373896120336381e-01 7.197081256280277728e-01 -6.790461305124152469e-01 5.073098959520205842e-01
1.419999999999999929e+01 1.028209513696032085e+00 -3.266464921933138310e+00 9.436379492162342286e-01 7.871837941331389921e-01 -7.418759167151948164e-01 4.857405122968478373e-01
1.440000000000000036e+01 1.054167822569980650e+00 -3.182657976237552866e+00 9.870407363300527370e-01 7.647417741111054434e-01 -7.355358959200394287e-01 4.850024271867517389e-01
1.459999999999999964e+01 1.093926496107021862e+00 -2.913705718885237328e+00 9.789293541619705774e-01 8.007723030827041955e-01 -8.331839769475518631e-01 4.579324713120359602e-01
1.480000000000000071e+01 1.074900827511267032e+00 -2.849132163856575861e+00 1.023076211514365008e+00 8.192526490999499922e-01 -8.234119641324985084e-01 4.581646280583456798e-01
1.500000000000000000e+01 1.109350858005782703e+00 -2.607217321829351953e+00 9.951048477850186202e-01 8.747098673775782762e-01 -9.575192983096818544e-01 4.267538015818496122e-01
1.519999999999999929e+01 1.102628373190544186e+00 -2.619544415164324569e+00 1.023272340429923988e+00 9.012081818504104058e-01 -9.999999961824311834e-01 4.140562174067314860e-01
1.540000000000000036e+01 1.113874752977738636e+00 -2.693797652767446316e+00 1.072807205243436757e+00 8.856612319205923178e-01 -9.999999999999998890e-01 4.088745400195274993e-01
1.559999999999999964e+01 1.110424972565435819e+00 -2.675007714707635653e+00 1.116199075039939759e+00 8.912227586777545785e-01 -9.999999999999998890e-01 4.059057034193488400e-01
1.580000000000000071e+01 1.122693792625369502e+00 -2.628943125281839155e+00 1.158582317871138079e+00 8.853480391111057113e-01 -9.999999999999998890e-01 4.037311341274560372e-01
1.600000000000000000e+01 1.151188501356986915e+00 -2.574779427511523888e+00 1.201097339276110176e+00 8.664437314399652257e-01 -9.999999999999998890e-01 4.018917898164184876e-01
